0 0.51484375 0.1 0.1234375 0.2
0 0.80078125 0.12109375 0.1296875 0.24140625
0 0.88203125 0.553125 0.18359375 0.296875
0 0.6765625 0.62734375 0.15546875 0.3578125
0 0.4890625 0.665625 0.121875 0.25
0 0.3421875 0.84765625 0.1375 0.24453125
0 0.38671875 0.353125 0.13984375 0.24609375
0 0.23359375 0.18515625 0.11171875 0.1875
0 0.3328125 0.1 0.05 0.09921875
0 0.08984375 0.3953125 0.14453125 0.3015625
0 0.20234375 0.459375 0.06953125 0.196875
0 0.2796875 0.3765625 0.0625 0.12890625
0 0.30078125 0.48203125 0.03515625 0.0890625
0 0.20078125 0.31484375 0.05703125 0.12109375
0 0.1265625 0.91484375 0.09140625 0.1703125
0 0.009375 0.66171875 0.01796875 0.13984375
0 0.08671875 0.1859375 0.07890625 0.09765625