0 0.3328125 0.20078125 0.05390625 0.08046875
0 0.02109375 0.05859375 0.0421875 0.1171875
0 0.1921875 0.6265625 0.0625 0.1015625
0 0.128125 0.65390625 0.08203125 0.1140625
0 0.103125 0.36796875 0.06953125 0.10546875
0 0.28203125 0.1875 0.07890625 0.12109375
0 0.39765625 0.20703125 0.075 0.0921875
0 0.3453125 0.07421875 0.05859375 0.08125
0 0.2390625 0.11328125 0.04296875 0.0515625
0 0.29453125 0.11640625 0.03203125 0.06953125
0 0.53203125 0.21796875 0.046875 0.1140625
0 0.5625 0.1515625 0.06015625 0.078125
0 0.6015625 0.1984375 0.0640625 0.08046875
0 0.7078125 0.21484375 0.06484375 0.07734375
0 0.65859375 0.278125 0.040625 0.04140625
0 0.67578125 0.37578125 0.06328125 0.084375
0 0.5484375 0.66640625 0.0796875 0.08984375
0 0.47578125 0.4359375 0.05078125 0.065625
0 0.44296875 0.11875 0.0234375 0.04140625
0 0.4125 0.00625 0.02734375 0.01171875
0 0.0484375 0.16328125 0.02890625 0.0734375
0 0.234375 0.73984375 0.03671875 0.04921875
0 0.29296875 0.73671875 0.05078125 0.0609375
0 0.5 0.7453125 0.05390625 0.096875
0 0.53671875 0.75 0.04453125 0.06328125
0 0.57421875 0.53046875 0.046875 0.05546875
0 0.65390625 0.54765625 0.05 0.0703125
0 0.721875 0.5265625 0.05390625 0.078125
0 0.7046875 0.8234375 0.0828125 0.08984375
0 0.85078125 0.8171875 0.06796875 0.0734375
0 0.86640625 0.6 0.06796875 0.096875
0 0.91640625 0.8984375 0.0453125 0.08125
0 0.9265625 0.66015625 0.03125 0.05390625
0 0.975 0.69765625 0.025 0.06171875
0 0.75859375 0.1109375 0.05625 0.0703125
0 0.91484375 0.225 0.0484375 0.08046875
0 0.825 0.2625 0.05 0.08828125
0 0.77890625 0.4046875 0.03125 0.07578125
0 0.87734375 0.41484375 0.07578125 0.115625
0 0.81484375 0.415625 0.05078125 0.1078125
0 0.91953125 0.33515625 0.040625 0.0828125
0 0.9859375 0.33828125 0.02734375 0.07109375
0 0.30625 0.546875 0.03125 0.05703125