0 0.240625 0.203125 0.11328125 0.13359375
0 0.396875 0.190625 0.06171875 0.0765625
0 0.3640625 0.28515625 0.09296875 0.2
0 0.60859375 0.35 0.059375 0.06953125
0 0.63125 0.29765625 0.06796875 0.10546875
0 0.69453125 0.3640625 0.06484375 0.059375
0 0.5625 0.27265625 0.03828125 0.06796875
0 0.5453125 0.22578125 0.03671875 0.05390625
0 0.471875 0.16640625 0.046875 0.0453125
0 0.07421875 0.07421875 0.05234375 0.0828125
0 0.00625 0.08671875 0.01171875 0.0609375
0 0.0578125 0.22734375 0.09375 0.12421875
0 0.70546875 0.28671875 0.02578125 0.0625
0 0.75 0.34765625 0.0390625 0.065625
0 0.840625 0.31171875 0.07109375 0.0640625
0 0.88359375 0.38046875 0.0390625 0.0875
0 0.83046875 0.4546875 0.05234375 0.078125
0 0.8875 0.52890625 0.078125 0.0859375
0 0.92890625 0.403125 0.05703125 0.06796875
0 0.96953125 0.36875 0.0609375 0.078125
0 0.984375 0.528125 0.03046875 0.1
0 0.94921875 0.53828125 0.03671875 0.08125
0 0.9390625 0.70703125 0.03203125 0.065625
0 0.9046875 0.6859375 0.03828125 0.07265625
0 0.80390625 0.59609375 0.09375 0.0734375
0 0.7421875 0.7640625 0.05859375 0.08203125
0 0.87890625 0.70234375 0.046875 0.06171875
0 0.984375 0.79375 0.03046875 0.0828125
0 0.928125 0.76875 0.078125 0.059375
0 0.85546875 0.7875 0.0265625 0.04765625
0 0.88125 0.80546875 0.0421875 0.06796875
0 0.9125 0.88359375 0.02421875 0.04140625
0 0.88671875 0.8765625 0.0203125 0.0234375
0 0.8046875 0.81796875 0.0296875 0.04296875
0 0.61015625 0.64296875 0.09140625 0.09765625
0 0.42421875 0.4609375 0.0765625 0.07734375
0 0.66484375 0.49453125 0.040625 0.0671875
0 0.59921875 0.440625 0.04140625 0.0609375
0 0.53828125 0.4171875 0.0640625 0.07109375
0 0.5484375 0.6703125 0.03671875 0.07578125
0 0.6359375 0.8046875 0.0734375 0.0890625
0 0.48125 0.7015625 0.0515625 0.0875
0 0.43203125 0.68125 0.05078125 0.1078125
0 0.38984375 0.59375 0.03125 0.0703125
0 0.43828125 0.58203125 0.03671875 0.06796875
0 0.6109375 0.54453125 0.0234375 0.0578125
0 0.58671875 0.52890625 0.02890625 0.06875
0 0.3109375 0.57265625 0.07890625 0.075
0 0.25546875 0.309375 0.025 0.04921875
0 0.30859375 0.31875 0.0265625 0.04296875
0 0.34765625 0.465625 0.03046875 0.06015625
0 0.2890625 0.42734375 0.071875 0.12109375
0 0.0671875 0.353125 0.0609375 0.10078125
0 0.11328125 0.54453125 0.02578125 0.04921875
0 0.08984375 0.515625 0.028125 0.0578125
0 0.03828125 0.56796875 0.01640625 0.03515625
0 0.190625 0.28671875 0.028125 0.04453125
0 0.11484375 0.265625 0.0203125 0.0546875
0 0.15 0.2796875 0.02578125 0.0515625
0 0.35234375 0.7140625 0.03359375 0.0546875
0 0.3296875 0.64140625 0.04609375 0.0640625
0 0.38046875 0.66015625 0.0359375 0.05546875
0 0.74296875 0.4234375 0.065625 0.0828125
0 0.23671875 0.63359375 0.06953125 0.084375
0 0.2078125 0.42109375 0.02109375 0.04296875
0 0.2234375 0.48671875 0.021875 0.05078125
0 0.29609375 0.50703125 0.02421875 0.03515625
0 0.7 0.79296875 0.02421875 0.0640625
0 0.78203125 0.875 0.03046875 0.05546875
0 0.7953125 0.71171875 0.03359375 0.04609375
0 0.7546875 0.68671875 0.06015625 0.06796875
0 0.8234375 0.66953125 0.03671875 0.0609375
0 0.803125 0.65078125 0.028125 0.0671875
0 0.96875 0.69140625 0.01796875 0.0421875
0 0.95234375 0.625 0.028125 0.040625
0 0.9640625 0.5890625 0.0234375 0.04140625
0 0.703125 0.58359375 0.028125 0.0609375
0 0.48828125 0.2625 0.02890625 0.053125
0 0.471875 0.35 0.01953125 0.05390625
0 0.45078125 0.284375 0.0203125 0.04609375
0 0.440625 0.25625 0.01640625 0.0453125
0 0.715625 0.8640625 0.0421875 0.0390625
0 0.21796875 0.07890625 0.04453125 0.06328125
0 0.15 0.090625 0.046875 0.13828125
0 0.09921875 0.5859375 0.0453125 0.07578125
0 0.00703125 0.3546875 0.0140625 0.04765625
0 0.31953125 0.10546875 0.03984375 0.05859375