0 0.034375 0.740625 0.06875 0.10625
0 0.009375 0.53671875 0.01875 0.0734375
0 0.17265625 0.428125 0.0625 0.08828125
0 0.13828125 0.5109375 0.04921875 0.06796875
0 0.06328125 0.4671875 0.0390625 0.07578125
0 0.009375 0.3734375 0.01875 0.053125
0 0.26875 0.37265625 0.04609375 0.07734375
0 0.25859375 0.52421875 0.04921875 0.0796875
0 0.3390625 0.571875 0.05625 0.084375
0 0.3421875 0.68828125 0.04609375 0.0828125
0 0.5671875 0.55078125 0.0625 0.11796875
0 0.5625 0.69921875 0.05703125 0.12578125
0 0.6421875 0.5234375 0.0546875 0.0765625
0 0.43984375 0.421875 0.0625 0.09375
0 0.35390625 0.46171875 0.04375 0.07421875
0 0.46015625 0.2125 0.0453125 0.08515625
0 0.534375 0.1859375 0.0515625 0.07421875
0 0.525 0.29140625 0.0703125 0.0953125
0 0.5765625 0.25625 0.04453125 0.06328125
0 0.63671875 0.265625 0.06484375 0.10078125
0 0.21015625 0.30859375 0.0671875 0.09140625
0 0.36171875 0.27421875 0.05078125 0.05078125
0 0.34140625 0.3375 0.06484375 0.08046875
0 0.26953125 0.3078125 0.040625 0.0703125
0 0.70625 0.15078125 0.0375 0.07578125
0 0.7328125 0.14375 0.0265625 0.07109375
0 0.8203125 0.2046875 0.03984375 0.0828125
0 0.76640625 0.203125 0.053125 0.0671875
0 0.7828125 0.2578125 0.06015625 0.0859375
0 0.815625 0.42265625 0.0609375 0.08125
0 0.74375 0.590625 0.05625 0.09921875
0 0.8546875 0.66328125 0.090625 0.08671875
0 0.92265625 0.63046875 0.06171875 0.09921875
0 0.6578125 0.74375 0.0390625 0.0671875
0 0.69140625 0.7359375 0.05234375 0.06484375
0 0.62265625 0.72421875 0.03671875 0.084375
0 0.77734375 0.7265625 0.0359375 0.06328125
0 0.8375 0.78984375 0.03671875 0.06328125
0 0.78359375 0.790625 0.07265625 0.0765625
0 0.80625 0.06015625 0.03359375 0.0703125
0 0.84921875 0.03515625 0.03203125 0.06328125
0 0.8703125 0.09375 0.0515625 0.0671875
0 0.89140625 0.1671875 0.02890625 0.0671875
0 0.921875 0.0828125 0.0328125 0.05859375
0 0.91484375 0.13984375 0.04375 0.07421875
0 0.95859375 0.04609375 0.040625 0.07109375
0 0.95625 0.10859375 0.059375 0.09921875
0 0.9859375 0.08671875 0.028125 0.10703125
0 0.95078125 0.21015625 0.03671875 0.0859375
0 0.978125 0.2 0.04375 0.10703125