0 0.3484375 0.30546875 0.13359375 0.1875
0 0.44609375 0.1921875 0.0625 0.10625
0 0.5109375 0.33515625 0.0796875 0.13359375
0 0.66796875 0.2484375 0.10859375 0.146875
0 0.68359375 0.39453125 0.04765625 0.10703125
0 0.7921875 0.4390625 0.11875 0.15546875
0 0.89453125 0.50703125 0.08515625 0.14609375
0 0.7484375 0.8453125 0.23203125 0.14453125
0 0.6015625 0.56875 0.1484375 0.15078125
0 0.396875 0.62421875 0.08203125 0.140625
0 0.440625 0.7421875 0.1484375 0.1171875
0 0.42421875 0.92421875 0.21875 0.15078125
0 0.165625 0.7203125 0.09296875 0.13984375
0 0.1578125 0.4734375 0.0609375 0.13828125
0 0.16328125 0.27265625 0.1515625 0.1890625
0 0.0296875 0.040625 0.04453125 0.08125
0 0.09453125 0.6328125 0.0734375 0.10234375
0 0.0109375 0.50546875 0.021875 0.128125
0 0.01875 0.90703125 0.03671875 0.09296875
0 0.9703125 0.96484375 0.059375 0.06953125