0 0.5578125 0.39453125 0.03984375 0.13515625
0 0.546875 0.2859375 0.03125 0.1265625
0 0.49375 0.209375 0.04296875 0.12734375
0 0.40625 0.34375 0.04140625 0.1140625
0 0.28671875 0.68203125 0.07890625 0.22265625
0 0.31640625 0.88359375 0.10859375 0.13984375
0 0.11484375 0.64921875 0.0359375 0.17109375
0 0.69296875 0.8625 0.11171875 0.1890625
0 0.61328125 0.95 0.04609375 0.1
0 0.46015625 0.7984375 0.06796875 0.1421875
0 0.58515625 0.65390625 0.03359375 0.12578125
0 0.52109375 0.65859375 0.025 0.10859375
0 0.5546875 0.7 0.03203125 0.09140625
0 0.75078125 0.20625 0.07734375 0.18515625
0 0.6203125 0.13671875 0.05703125 0.1640625
0 0.57421875 0.06015625 0.03984375 0.1203125
0 0.825 0.1046875 0.06875 0.1265625
0 0.85 0.228125 0.04140625 0.1109375
0 0.92578125 0.12578125 0.0828125 0.1421875
0 0.8890625 0.640625 0.0453125 0.18203125
0 0.80625 0.6875 0.0296875 0.1390625
0 0.96953125 0.81953125 0.0609375 0.1390625
0 0.9359375 0.9234375 0.02734375 0.1109375
0 0.37421875 0.13359375 0.0515625 0.10390625
0 0.30078125 0.1375 0.0515625 0.14765625
0 0.215625 0.21171875 0.03359375 0.1234375
0 0.26796875 0.1171875 0.059375 0.1390625
0 0.17734375 0.1546875 0.04140625 0.12734375
0 0.15078125 0.3625 0.03359375 0.1703125
0 0.1171875 0.65 0.0484375 0.19140625
0 0.046875 0.61875 0.04140625 0.18203125
0 0.04609375 0.190625 0.05 0.171875
0 0.01640625 0.3796875 0.0328125 0.16015625
0 0.00859375 0.5703125 0.0171875 0.13984375
0 0.09375 0.28359375 0.0265625 0.103125
0 0.10078125 0.1140625 0.03359375 0.128125