0 0.8859375 0.70234375 0.06328125 0.09765625
0 0.91953125 0.5171875 0.04140625 0.0671875
0 0.99140625 0.52734375 0.0171875 0.07890625
0 0.9859375 0.78046875 0.028125 0.09765625
0 0.759375 0.41640625 0.05703125 0.08046875
0 0.790625 0.4921875 0.0453125 0.06171875
0 0.86015625 0.4515625 0.0359375 0.06875
0 0.93125 0.36875 0.0625 0.05390625
0 0.671875 0.365625 0.0421875 0.07109375
0 0.68125 0.50390625 0.0453125 0.07265625
0 0.60703125 0.546875 0.0515625 0.0765625
0 0.60390625 0.65390625 0.0421875 0.07578125
0 0.3984375 0.528125 0.0578125 0.10859375
0 0.403125 0.6640625 0.05234375 0.11484375
0 0.3296875 0.503125 0.05 0.0703125
0 0.51484375 0.41015625 0.05703125 0.0859375
0 0.59375 0.446875 0.040625 0.06796875
0 0.496875 0.21875 0.04140625 0.078125
0 0.42890625 0.19453125 0.046875 0.06796875
0 0.4375 0.29140625 0.0640625 0.08671875
0 0.38984375 0.25859375 0.040625 0.0578125
0 0.33515625 0.2671875 0.05859375 0.0921875
0 0.725 0.30703125 0.06171875 0.08359375
0 0.58671875 0.275 0.04609375 0.04609375
0 0.60546875 0.3328125 0.059375 0.0734375
0 0.67109375 0.30546875 0.0375 0.06484375
0 0.271875 0.1625 0.03359375 0.06953125
0 0.246875 0.15546875 0.02421875 0.06484375
0 0.1671875 0.2109375 0.0359375 0.07578125
0 0.21640625 0.21015625 0.04921875 0.0609375
0 0.2015625 0.2609375 0.05546875 0.078125
0 0.17109375 0.4109375 0.05546875 0.07421875
0 0.2375 0.56484375 0.0515625 0.090625
0 0.13515625 0.63125 0.08359375 0.0796875
0 0.0734375 0.60078125 0.05703125 0.090625
0 0.315625 0.7046875 0.0359375 0.0609375
0 0.28515625 0.696875 0.04765625 0.059375
0 0.3484375 0.68671875 0.03359375 0.0765625
0 0.20625 0.6890625 0.0328125 0.05859375
0 0.15078125 0.746875 0.03359375 0.0578125
0 0.20078125 0.74765625 0.06640625 0.0703125
0 0.1796875 0.0796875 0.03125 0.06484375
0 0.14140625 0.05625 0.0296875 0.0578125
0 0.121875 0.11015625 0.046875 0.06171875
0 0.10234375 0.17734375 0.0265625 0.06171875
0 0.075 0.10078125 0.0296875 0.05390625
0 0.08046875 0.15234375 0.03984375 0.06796875
0 0.040625 0.0671875 0.03671875 0.06484375
0 0.04296875 0.1234375 0.0546875 0.090625
0 0.0140625 0.10390625 0.028125 0.09765625
0 0.04765625 0.2171875 0.03359375 0.07890625
0 0.021875 0.20625 0.04375 0.096875
0 0.97421875 0.84765625 0.05078125 0.0734375