0 0.384375 0.47578125 0.0875 0.0828125
0 0.61484375 0.55546875 0.08671875 0.0515625
0 0.8953125 0.52265625 0.09609375 0.075
0 0.22109375 0.509375 0.08828125 0.071875
0 0.21875 0.46796875 0.06640625 0.04296875
0 0.228125 0.37890625 0.10859375 0.0890625
0 0.3140625 0.3765625 0.06953125 0.046875
0 0.134375 0.31953125 0.065625 0.06796875
0 0.065625 0.28828125 0.03515625 0.0375
0 0.02421875 0.46875 0.04765625 0.04921875
0 0.06328125 0.3375 0.04921875 0.04375
0 0.1140625 0.4046875 0.040625 0.0375
0 0.05703125 0.39296875 0.0375 0.02109375
0 0.34921875 0.290625 0.04921875 0.0328125
0 0.40234375 0.29765625 0.0390625 0.01796875
0 0.49921875 0.3328125 0.0703125 0.0453125
0 0.5578125 0.31640625 0.071875 0.05703125
0 0.5375 0.38671875 0.0890625 0.05546875
0 0.4609375 0.5359375 0.096875 0.04765625
0 0.33046875 0.52421875 0.059375 0.04609375
0 0.49609375 0.47265625 0.0453125 0.04609375
0 0.56953125 0.48984375 0.11875 0.09140625
0 0.665625 0.484375 0.0375 0.046875
0 0.6625 0.43359375 0.0421875 0.04453125
0 0.69453125 0.453125 0.03515625 0.03203125
0 0.64375 0.38125 0.084375 0.06015625
0 0.7203125 0.37109375 0.04609375 0.04609375
0 0.6796875 0.3375 0.0671875 0.05078125
0 0.70078125 0.3078125 0.04765625 0.034375
0 0.834375 0.44453125 0.05859375 0.03984375
0 0.8140625 0.48828125 0.13203125 0.05390625
0 0.771875 0.4484375 0.06484375 0.02890625
0 0.85859375 0.3734375 0.07421875 0.04296875
0 0.94453125 0.3984375 0.06484375 0.05859375
0 0.9078125 0.3859375 0.04609375 0.0453125
0 0.98359375 0.4265625 0.03046875 0.03046875
0 0.92578125 0.44140625 0.0515625 0.04296875
0 0.153125 0.52578125 0.0578125 0.07578125
0 0.2640625 0.32421875 0.03828125 0.04375
0 0.9765625 0.646875 0.04609375 0.03359375