0 0.38359375 0.471875 0.0875 0.0828125
0 0.615625 0.55234375 0.0875 0.0515625
0 0.896875 0.51875 0.096875 0.075
0 0.2203125 0.50625 0.08828125 0.071875
0 0.2171875 0.46484375 0.06640625 0.04375
0 0.22734375 0.375 0.109375 0.0890625
0 0.3125 0.37265625 0.0703125 0.04765625
0 0.1328125 0.315625 0.065625 0.06875
0 0.06328125 0.284375 0.03515625 0.0375
0 0.02265625 0.46484375 0.0453125 0.04921875
0 0.0609375 0.33359375 0.04921875 0.04375
0 0.1125 0.40078125 0.040625 0.0375
0 0.0546875 0.38984375 0.0375 0.02109375
0 0.3484375 0.2859375 0.04921875 0.0328125
0 0.4015625 0.29296875 0.03984375 0.01875
0 0.49921875 0.32890625 0.0703125 0.0453125
0 0.5578125 0.3125 0.071875 0.05703125
0 0.5375 0.3828125 0.08984375 0.05546875
0 0.4609375 0.5328125 0.096875 0.04765625
0 0.3296875 0.52109375 0.06015625 0.04609375
0 0.49609375 0.46953125 0.0453125 0.04609375
0 0.5703125 0.48671875 0.11953125 0.09140625
0 0.66640625 0.48046875 0.0375 0.046875
0 0.66328125 0.43046875 0.0421875 0.0453125
0 0.6953125 0.44921875 0.03515625 0.03203125
0 0.64375 0.37734375 0.08515625 0.06015625
0 0.72109375 0.3671875 0.04609375 0.04609375
0 0.68046875 0.33359375 0.0671875 0.05078125
0 0.7015625 0.303125 0.04765625 0.034375
0 0.83671875 0.440625 0.05859375 0.03984375
0 0.815625 0.484375 0.1328125 0.0546875
0 0.7734375 0.44453125 0.06484375 0.02890625
0 0.86015625 0.36953125 0.075 0.04296875
0 0.94609375 0.39453125 0.065625 0.05859375
0 0.91015625 0.38203125 0.046875 0.04609375
0 0.98515625 0.42265625 0.0296875 0.03125
0 0.928125 0.4375 0.05234375 0.04375
0 0.1515625 0.52265625 0.0578125 0.07578125
0 0.2625 0.3203125 0.03828125 0.04375
0 0.978125 0.64375 0.04375 0.03359375