0 0.23125 0.20390625 0.1125 0.13125
0 0.38671875 0.19140625 0.0609375 0.075
0 0.35390625 0.284375 0.0921875 0.196875
0 0.5953125 0.3484375 0.05859375 0.06875
0 0.61796875 0.296875 0.0671875 0.10390625
0 0.68046875 0.36171875 0.0640625 0.05859375
0 0.55 0.27265625 0.03828125 0.06640625
0 0.53359375 0.22578125 0.03671875 0.053125
0 0.46015625 0.16796875 0.046875 0.04453125
0 0.06640625 0.07734375 0.0515625 0.08125
0 0.05078125 0.22734375 0.09296875 0.121875
0 0.69140625 0.2859375 0.025 0.0609375
0 0.73515625 0.34609375 0.0390625 0.0640625
0 0.82578125 0.3109375 0.0703125 0.0625
0 0.86796875 0.378125 0.03828125 0.0859375
0 0.815625 0.4515625 0.0515625 0.0765625
0 0.871875 0.52421875 0.07734375 0.084375
0 0.91328125 0.40078125 0.05703125 0.06640625
0 0.9609375 0.3671875 0.078125 0.0765625
0 0.9765625 0.52265625 0.046875 0.0984375
0 0.9328125 0.5328125 0.03671875 0.0796875
0 0.92265625 0.69921875 0.03125 0.0640625
0 0.88828125 0.678125 0.03828125 0.07109375
0 0.7890625 0.590625 0.09296875 0.071875
0 0.728125 0.7546875 0.0578125 0.08046875
0 0.86328125 0.69453125 0.046875 0.0609375
0 0.9765625 0.784375 0.046875 0.08125
0 0.91171875 0.76015625 0.07734375 0.0578125
0 0.83984375 0.778125 0.0265625 0.046875
0 0.865625 0.79609375 0.04140625 0.06640625
0 0.896875 0.8734375 0.02421875 0.040625
0 0.87109375 0.86640625 0.0203125 0.02265625
0 0.78984375 0.8078125 0.0296875 0.0421875
0 0.596875 0.63671875 0.090625 0.09609375
0 0.41328125 0.4578125 0.07578125 0.07578125
0 0.65078125 0.490625 0.040625 0.06640625
0 0.5859375 0.4375 0.04140625 0.06015625
0 0.52578125 0.4140625 0.06328125 0.0703125
0 0.5359375 0.66328125 0.03671875 0.075
0 0.6234375 0.7953125 0.07265625 0.0875
0 0.46953125 0.69375 0.05078125 0.0859375
0 0.4203125 0.67421875 0.05078125 0.10625
0 0.37890625 0.5875 0.03046875 0.06953125
0 0.42734375 0.5765625 0.0359375 0.0671875
0 0.59765625 0.53984375 0.0234375 0.05625
0 0.57421875 0.52421875 0.02890625 0.06796875
0 0.3015625 0.5671875 0.078125 0.0734375
0 0.24609375 0.30859375 0.025 0.0484375
0 0.2984375 0.31796875 0.0265625 0.0421875
0 0.3375 0.46171875 0.0296875 0.059375
0 0.2796875 0.42421875 0.07109375 0.11875
0 0.06015625 0.3515625 0.0609375 0.09921875
0 0.10546875 0.53984375 0.02578125 0.0484375
0 0.0828125 0.5109375 0.028125 0.05703125
0 0.03125 0.5625 0.01640625 0.034375
0 0.18203125 0.2859375 0.028125 0.04375
0 0.10703125 0.265625 0.01953125 0.053125
0 0.1421875 0.27890625 0.02578125 0.05078125
0 0.3421875 0.70546875 0.0328125 0.05390625
0 0.31953125 0.63515625 0.04609375 0.06328125
0 0.3703125 0.653125 0.03515625 0.0546875
0 0.72890625 0.4203125 0.06484375 0.08203125
0 0.99609375 0.65546875 0.0078125 0.0390625
0 0.22734375 0.62734375 0.06875 0.0828125
0 0.19921875 0.41796875 0.02109375 0.0421875
0 0.2140625 0.4828125 0.02109375 0.05
0 0.28671875 0.50234375 0.02421875 0.034375
0 0.6859375 0.78359375 0.02421875 0.0625
0 0.7671875 0.8640625 0.0296875 0.0546875
0 0.78046875 0.70390625 0.0328125 0.0453125
0 0.73984375 0.6796875 0.059375 0.06640625
0 0.80859375 0.6625 0.03671875 0.06015625
0 0.78828125 0.64375 0.028125 0.065625
0 0.95234375 0.68359375 0.0171875 0.04140625
0 0.9359375 0.61796875 0.02734375 0.03984375
0 0.94765625 0.58359375 0.0234375 0.04140625
0 0.6890625 0.578125 0.028125 0.06015625
0 0.4765625 0.2625 0.028125 0.05234375
0 0.46015625 0.3484375 0.01953125 0.053125
0 0.4390625 0.28359375 0.0203125 0.0453125
0 0.42890625 0.25625 0.01640625 0.04453125
0 0.7015625 0.85390625 0.0421875 0.0390625
0 0.20859375 0.08125 0.04375 0.0625
0 0.1421875 0.09296875 0.04609375 0.1359375
0 0.09140625 0.58046875 0.04453125 0.075
0 0.00390625 0.3515625 0.0078125 0.046875
0 0.309375 0.1078125 0.0390625 0.0578125