0 0.340625 0.3140625 0.128125 0.1796875
0 0.434375 0.20546875 0.059375 0.1015625
0 0.49609375 0.3421875 0.07578125 0.128125
0 0.64609375 0.26015625 0.10390625 0.140625
0 0.66171875 0.39921875 0.0453125 0.10234375
0 0.765625 0.44140625 0.11328125 0.1484375
0 0.86328125 0.50703125 0.08125 0.1390625
0 0.72421875 0.83046875 0.221875 0.13828125
0 0.5828125 0.565625 0.1421875 0.14453125
0 0.3875 0.61875 0.07890625 0.134375
0 0.42890625 0.73125 0.1421875 0.1125
0 0.41328125 0.91640625 0.209375 0.16640625
0 0.165625 0.71015625 0.0890625 0.13359375
0 0.15859375 0.475 0.05859375 0.1328125
0 0.1640625 0.2828125 0.1453125 0.18046875
0 0.03515625 0.05 0.0421875 0.1
0 0.096875 0.6265625 0.0703125 0.0984375
0 0.0140625 0.50546875 0.028125 0.121875
0 0.02109375 0.8890625 0.0421875 0.0890625
0 0.00546875 0.26640625 0.0109375 0.1109375
0 0.95390625 0.95546875 0.0921875 0.0890625