0 0.475 0.159375 0.1859375 0.21171875
0 0.56640625 0.7546875 0.1421875 0.3
0 0.87109375 0.428125 0.14296875 0.19609375
0 0.96640625 0.19453125 0.0671875 0.3890625
0 0.30625 0.75625 0.13046875 0.27890625
0 0.1125 0.85234375 0.12109375 0.2953125
0 0.04375 0.2046875 0.0875 0.1734375
0 0.1328125 0.20078125 0.10234375 0.22265625
0 0.86484375 0.73984375 0.10078125 0.203125
0 0.978125 0.628125 0.04375 0.19296875
0 0.2671875 0.06875 0.0453125 0.1375
0 0.38359375 0.04296875 0.1109375 0.0859375
0 0.29609375 0.46875 0.0421875 0.13359375
0 0.2515625 0.5703125 0.046875 0.1109375