1 0.534375 0.51015625 0.02578125 0.08125
1 0.50859375 0.5359375 0.03671875 0.071875
1 0.49375 0.46796875 0.03046875 0.03359375
1 0.47734375 0.40546875 0.028125 0.04765625
1 0.496875 0.32109375 0.0453125 0.071875
1 0.478125 0.35625 0.0359375 0.05625
1 0.4703125 0.121875 0.03359375 0.06015625
1 0.53125 0.0296875 0.0375 0.059375
1 0.49609375 0.0171875 0.0359375 0.034375
1 0.540625 0.25625 0.03828125 0.1015625
1 0.4734375 0.2734375 0.02265625 0.053125
1 0.465625 0.20390625 0.01953125 0.0421875
1 0.5 0.621875 0.0296875 0.071875
1 0.48203125 0.6390625 0.02734375 0.0421875
1 0.52421875 0.70390625 0.0453125 0.07421875
0 0.54296875 0.14375 0.02421875 0.03203125
0 0.471875 0.0703125 0.021875 0.02421875
0 0.484375 0.20703125 0.02109375 0.02109375