1 0.5265625 0.034375 0.02109375 0.0390625
1 0.590625 0.0125 0.03046875 0.02421875
1 0.55546875 0.01171875 0.04375 0.02265625
1 0.59375 0.065625 0.03671875 0.07578125
1 0.603125 0.1328125 0.03203125 0.046875
1 0.56328125 0.1703125 0.0421875 0.0640625
1 0.5484375 0.2328125 0.04296875 0.06171875
1 0.55 0.3453125 0.0359375 0.05625
1 0.5359375 0.42890625 0.03515625 0.10234375
1 0.57421875 0.4484375 0.03125 0.078125
1 0.60234375 0.37109375 0.01796875 0.034375
1 0.51953125 0.52734375 0.02421875 0.06796875
1 0.5828125 0.50625 0.02265625 0.01875
1 0.57265625 0.5953125 0.03671875 0.04140625
1 0.5625 0.69453125 0.0375 0.046875
1 0.51015625 0.72734375 0.0328125 0.034375