1 0.55234375 0.03984375 0.08984375 0.0796875
1 0.49453125 0.15390625 0.040625 0.1296875
1 0.49375 0.2703125 0.05703125 0.09921875
1 0.47734375 0.33984375 0.02265625 0.0546875
1 0.47265625 0.41328125 0.02890625 0.07265625
1 0.53359375 0.50859375 0.04375 0.15625
1 0.49921875 0.47265625 0.03203125 0.03828125
1 0.48046875 0.54140625 0.04375 0.0453125
1 0.496875 0.60703125 0.0359375 0.05859375
1 0.4734375 0.6140625 0.03671875 0.04375
1 0.52578125 0.61953125 0.025 0.053125
1 0.475 0.72578125 0.021875 0.046875
1 0.528125 0.86015625 0.04375 0.09765625