1 0.53984375 0.521875 0.034375 0.071875
1 0.59921875 0.61875 0.01640625 0.07265625
1 0.5875 0.7375 0.03046875 0.1171875
1 0.62421875 0.2515625 0.0359375 0.0640625
1 0.596875 0.6203125 0.02421875 0.08203125
1 0.58203125 0.74375 0.03203125 0.10390625
1 0.56796875 0.82265625 0.04140625 0.0703125
1 0.5609375 0.928125 0.05078125 0.14296875
1 0.5296875 0.84765625 0.0328125 0.11328125
1 0.528125 0.7671875 0.01796875 0.0421875
1 0.6203125 0.37734375 0.0296875 0.01953125
1 0.57734375 0.49375 0.02578125 0.0328125