1 0.49765625 0.11796875 0.04609375 0.06796875
1 0.46640625 0.2046875 0.02890625 0.0375
1 0.4734375 0.25234375 0.0421875 0.03203125
1 0.52890625 0.26953125 0.04765625 0.0390625
1 0.49140625 0.28828125 0.0265625 0.03125
1 0.53046875 0.18671875 0.0359375 0.03828125
1 0.43125 0.834375 0.0453125 0.08203125
1 0.47265625 0.7625 0.040625 0.05078125
1 0.51796875 0.78203125 0.02265625 0.03984375
1 0.50703125 0.85 0.0265625 0.03984375
1 0.490625 0.86875 0.03984375 0.04609375
1 0.44765625 0.89921875 0.0265625 0.0421875
1 0.40078125 0.95078125 0.04375 0.09140625
1 0.5328125 0.4953125 0.0453125 0.07109375
1 0.45703125 0.50390625 0.04140625 0.0515625
1 0.45859375 0.46796875 0.03984375 0.025
1 0.45703125 0.44296875 0.034375 0.03125
1 0.45859375 0.36015625 0.0453125 0.06953125
1 0.5578125 0.16015625 0.0359375 0.05390625
1 0.44921875 0.54453125 0.03515625 0.046875
1 0.490625 0.68984375 0.03671875 0.07734375
1 0.4171875 0.66015625 0.040625 0.05078125
1 0.52734375 0.7203125 0.01875 0.04140625
1 0.5109375 0.59140625 0.059375 0.06640625