1 0.48828125 0.01328125 0.0171875 0.0265625
1 0.5015625 0.0359375 0.0203125 0.025
1 0.4875 0.1078125 0.02578125 0.08203125
1 0.4890625 0.165625 0.02265625 0.0390625
1 0.5125 0.171875 0.02265625 0.025
1 0.47109375 0.2109375 0.0203125 0.05390625
1 0.4640625 0.2578125 0.0203125 0.0421875
1 0.490625 0.234375 0.0234375 0.05078125
1 0.515625 0.2453125 0.025 0.04765625
1 0.53515625 0.2640625 0.025 0.05
1 0.51640625 0.1 0.01875 0.05625
1 0.509375 0.296875 0.028125 0.0375
1 0.49140625 0.2859375 0.0203125 0.0234375
1 0.4671875 0.28671875 0.0171875 0.02265625
1 0.4703125 0.31640625 0.0203125 0.025
1 0.49375 0.3421875 0.0203125 0.03046875
1 0.52421875 0.3265625 0.0265625 0.02421875
1 0.54921875 0.3421875 0.015625 0.0421875
1 0.51796875 0.36640625 0.01328125 0.01875
1 0.48984375 0.3734375 0.01953125 0.01875
1 0.47890625 0.3421875 0.01640625 0.0140625
1 0.465625 0.359375 0.02421875 0.015625
1 0.45546875 0.38203125 0.01796875 0.01796875
1 0.51875 0.34921875 0.01875 0.01640625
1 0.51953125 0.3890625 0.0203125 0.021875
1 0.54375 0.42421875 0.02265625 0.02734375
1 0.5140625 0.4296875 0.028125 0.0265625
1 0.55859375 0.42734375 0.01640625 0.03671875
1 0.49140625 0.50703125 0.02578125 0.04921875
1 0.515625 0.48203125 0.028125 0.03203125
1 0.55 0.55390625 0.0328125 0.05
1 0.4796875 0.5890625 0.02421875 0.028125
1 0.4984375 0.58828125 0.01875 0.0203125
1 0.49375 0.60703125 0.02109375 0.01796875
1 0.53359375 0.6046875 0.01953125 0.01796875
1 0.5453125 0.6390625 0.02578125 0.01875
1 0.575 0.63828125 0.02109375 0.034375
1 0.4921875 0.6828125 0.028125 0.0578125
1 0.54609375 0.74296875 0.03125 0.03046875
1 0.48046875 0.409375 0.01484375 0.01953125
1 0.5375 0.38515625 0.0125 0.034375
1 0.56640625 0.68046875 0.02265625 0.0171875
1 0.5515625 0.696875 0.0203125 0.01953125
1 0.58125 0.69609375 0.0125 0.02265625
1 0.58125 0.7609375 0.0171875 0.01640625
1 0.5625 0.77109375 0.02578125 0.01796875
1 0.4734375 0.6390625 0.015625 0.01796875
1 0.48671875 0.72578125 0.021875 0.01796875
1 0.46171875 0.73046875 0.0125 0.015625
1 0.465625 0.90703125 0.0171875 0.01953125
1 0.5046875 0.9625 0.02109375 0.01953125
1 0.49453125 0.8125 0.01953125 0.03046875
1 0.5875 0.8625 0.02578125 0.04375
1 0.53046875 0.88828125 0.0171875 0.02265625
1 0.53828125 0.9015625 0.009375 0.0171875
1 0.56796875 0.85546875 0.0203125 0.01796875
1 0.58671875 0.96875 0.0140625 0.0296875