1 0.53515625 0.034375 0.03828125 0.06875
1 0.4859375 0.01953125 0.03125 0.0390625
1 0.45234375 0.01484375 0.01953125 0.02265625
1 0.47734375 0.1203125 0.0375 0.0671875
1 0.5578125 0.15703125 0.02265625 0.02734375
1 0.5609375 0.27734375 0.05859375 0.103125
1 0.5234375 0.34375 0.0515625 0.10234375
1 0.49296875 0.3734375 0.03671875 0.0703125
1 0.484375 0.2890625 0.025 0.05390625
1 0.5 0.4375 0.03046875 0.05703125
1 0.52109375 0.51640625 0.04453125 0.04375
1 0.5703125 0.575 0.04453125 0.12109375
1 0.53515625 0.59765625 0.05078125 0.08671875
1 0.5296875 0.71015625 0.03984375 0.0828125
1 0.5046875 0.73671875 0.0328125 0.0515625
1 0.5515625 0.81796875 0.0453125 0.08828125
1 0.509375 0.8546875 0.025 0.03046875
1 0.46875 0.0703125 0.0234375 0.02265625