1 0.51015625 0.9921875 0.0109375 0.0109375
1 0.46484375 0.9328125 0.00859375 0.0140625
1 0.496875 0.925 0.00859375 0.009375
1 0.51171875 0.9203125 0.00859375 0.0109375
1 0.5234375 0.9109375 0.01015625 0.01015625
1 0.503125 0.871875 0.0140625 0.0109375
1 0.459375 0.88046875 0.00546875 0.0109375
1 0.5265625 0.83125 0.00859375 0.01328125
1 0.48515625 0.82109375 0.009375 0.0140625
1 0.4796875 0.8296875 0.00859375 0.0078125
1 0.46484375 0.7984375 0.009375 0.009375
1 0.45703125 0.80390625 0.00703125 0.021875
1 0.525 0.78828125 0.01015625 0.015625
1 0.50625 0.7625 0.0109375 0.0125
1 0.47421875 0.7625 0.00625 0.0078125
1 0.46484375 0.73828125 0.01328125 0.01171875
1 0.4734375 0.7171875 0.01953125 0.01875
1 0.45625 0.73046875 0.0078125 0.01171875
1 0.51015625 0.70234375 0.01171875 0.0109375
1 0.525 0.7046875 0.0109375 0.01171875
1 0.525 0.7390625 0.00625 0.01328125
1 0.50390625 0.67734375 0.01640625 0.021875
1 0.45859375 0.67578125 0.00859375 0.01015625
1 0.4671875 0.68515625 0.0109375 0.009375
1 0.45 0.68671875 0.00546875 0.01171875
1 0.51328125 0.64296875 0.009375 0.009375
1 0.47109375 0.64765625 0.01484375 0.01015625
1 0.45390625 0.65078125 0.009375 0.0109375
1 0.50703125 0.609375 0.01328125 0.0171875
1 0.4953125 0.72890625 0.0078125 0.00859375
1 0.4953125 0.61015625 0.01171875 0.01171875
1 0.4984375 0.62421875 0.0125 0.01015625
1 0.47578125 0.6203125 0.01484375 0.0140625
1 0.46875 0.5875 0.02578125 0.02890625
1 0.51640625 0.58671875 0.009375 0.01875
1 0.49609375 0.5515625 0.0109375 0.02109375
1 0.4828125 0.53828125 0.015625 0.0171875
1 0.47578125 0.53046875 0.01015625 0.01015625
1 0.4828125 0.503125 0.01484375 0.01484375
1 0.46796875 0.4984375 0.0125 0.015625
1 0.48203125 0.47578125 0.01015625 0.01015625
1 0.496875 0.465625 0.0125 0.0109375
1 0.509375 0.45625 0.01328125 0.009375
1 0.48671875 0.41796875 0.01640625 0.02265625
1 0.478125 0.4359375 0.0203125 0.0125
1 0.50703125 0.4265625 0.01015625 0.01015625
1 0.50546875 0.4078125 0.0109375 0.01796875
1 0.48125 0.3859375 0.0109375 0.0203125
1 0.50625 0.3875 0.009375 0.01796875
1 0.5015625 0.365625 0.0140625 0.02421875
1 0.4859375 0.2890625 0.0171875 0.04453125
1 0.4734375 0.246875 0.0078125 0.01484375
1 0.4765625 0.2203125 0.0140625 0.028125
1 0.47265625 0.20078125 0.01171875 0.02265625
1 0.4828125 0.4625 0.0109375 0.015625
1 0.49609375 0.44609375 0.0109375 0.0203125
1 0.471875 0.47578125 0.0125 0.0171875