1 0.478125 0.05078125 0.01328125 0.02734375
1 0.5265625 0.3765625 0.03203125 0.1484375
1 0.56953125 0.24375 0.02734375 0.178125
1 0.54296875 0.2515625 0.01953125 0.01953125
1 0.5203125 0.64375 0.0375 0.1421875
1 0.5578125 0.61328125 0.02421875 0.02734375
1 0.5046875 0.753125 0.03515625 0.06171875
1 0.5546875 0.771875 0.02109375 0.0265625
1 0.57578125 0.71015625 0.015625 0.01875
1 0.5625 0.6703125 0.01796875 0.01484375
1 0.5109375 0.86953125 0.02109375 0.0265625
1 0.5109375 0.8984375 0.05234375 0.034375
1 0.578125 0.82109375 0.02109375 0.0203125
1 0.56015625 0.8453125 0.040625 0.0328125
1 0.490625 0.84609375 0.0125 0.01640625
1 0.49140625 0.82578125 0.01953125 0.01796875
1 0.49453125 0.940625 0.0203125 0.03203125
1 0.5546875 0.9546875 0.040625 0.0640625
1 0.584375 0.88125 0.0125 0.01953125
1 0.490625 0.79296875 0.01484375 0.0328125
1 0.496875 0.9875 0.0234375 0.025