1 0.515625 0.0640625 0.03671875 0.065625
1 0.43671875 0.1 0.021875 0.02734375
1 0.434375 0.21796875 0.05703125 0.10078125
1 0.4703125 0.28203125 0.05078125 0.1
1 0.5 0.31171875 0.0359375 0.06875
1 0.5078125 0.22890625 0.025 0.053125
1 0.49375 0.3734375 0.0296875 0.05546875
1 0.47265625 0.4515625 0.04296875 0.0421875
1 0.42421875 0.50859375 0.04296875 0.11875
1 0.459375 0.53046875 0.05 0.08515625
1 0.4640625 0.63984375 0.03828125 0.08046875
1 0.4890625 0.665625 0.03203125 0.05
1 0.44296875 0.7453125 0.04453125 0.08671875
1 0.484375 0.78125 0.025 0.0296875
0 0.49140625 0.959375 0.0265625 0.03359375
1 0.5234375 0.01484375 0.02265625 0.021875