1 0.578125 0.04453125 0.08828125 0.0890625
1 0.52109375 0.16328125 0.03984375 0.12734375
1 0.5203125 0.27734375 0.05625 0.09765625
1 0.5046875 0.3453125 0.021875 0.05390625
1 0.5 0.41796875 0.02890625 0.07109375
1 0.559375 0.51171875 0.04296875 0.153125
1 0.52578125 0.4765625 0.03125 0.0375
1 0.50703125 0.54375 0.04296875 0.04453125
1 0.5234375 0.60859375 0.03515625 0.0578125
1 0.50078125 0.615625 0.0359375 0.04296875
1 0.5515625 0.6203125 0.025 0.05234375
1 0.5015625 0.72578125 0.021875 0.04609375
1 0.55390625 0.85703125 0.04296875 0.09609375