1 0.43203125 0.9203125 0.01953125 0.03203125
1 0.44140625 0.9484375 0.01796875 0.02734375
1 0.465625 0.9390625 0.025 0.08359375
1 0.49140625 0.9546875 0.025 0.07578125
1 0.48828125 0.846875 0.0375 0.065625
1 0.496875 0.8 0.0203125 0.03125
1 0.4609375 0.7453125 0.025 0.09140625
1 0.45234375 0.8140625 0.02109375 0.028125
1 0.48046875 0.77265625 0.01953125 0.0296875
1 0.50625 0.7265625 0.0109375 0.05390625
1 0.49453125 0.73515625 0.01875 0.021875
1 0.49140625 0.7109375 0.025 0.0265625
1 0.49453125 0.6828125 0.01875 0.02265625
1 0.48125 0.63203125 0.021875 0.028125
1 0.43125 0.62734375 0.01796875 0.02578125
1 0.44453125 0.65 0.0171875 0.021875
1 0.47890625 0.5640625 0.02578125 0.053125
1 0.4734375 0.51796875 0.01484375 0.02109375
1 0.42890625 0.4953125 0.02265625 0.0515625
1 0.46328125 0.47109375 0.0203125 0.025
1 0.49296875 0.45078125 0.02109375 0.0265625
1 0.42734375 0.3859375 0.025 0.053125
1 0.4875 0.35546875 0.01796875 0.0296875
1 0.5 0.37421875 0.01953125 0.01875
1 0.44453125 0.3515625 0.015625 0.02578125
1 0.46953125 0.28515625 0.01796875 0.0421875
1 0.446875 0.25546875 0.0234375 0.0359375
1 0.43046875 0.26796875 0.0265625 0.02890625
1 0.48984375 0.290625 0.021875 0.0515625
1 0.47421875 0.25 0.0234375 0.040625
1 0.44765625 0.14375 0.02265625 0.02578125
1 0.434375 0.13046875 0.02109375 0.025
1 0.4234375 0.11796875 0.0203125 0.0234375
1 0.41796875 0.15859375 0.0125 0.03359375
1 0.4890625 0.13203125 0.015625 0.0328125
1 0.48828125 0.034375 0.01796875 0.03046875
1 0.459375 0.03828125 0.015625 0.0328125
1 0.43984375 0.04375 0.01796875 0.02890625
1 0.5 0.09375 0.01640625 0.0234375
1 0.5015625 0.06640625 0.0265625 0.02890625
1 0.4765625 0.0640625 0.0203125 0.021875
1 0.42890625 0.0171875 0.0171875 0.03125
1 0.45625 0.00546875 0.01640625 0.0109375
1 0.4921875 0.00703125 0.01953125 0.01328125
1 0.45078125 0.09453125 0.025 0.0328125
1 0.42578125 0.70078125 0.01796875 0.02890625
1 0.4765625 0.68046875 0.01484375 0.021875
1 0.49453125 0.60078125 0.01875 0.03125