1 0.55625 0.15078125 0.04453125 0.19921875
1 0.51875 0.01796875 0.02890625 0.03515625
1 0.50390625 0.14375 0.01796875 0.06015625
1 0.509375 0.321875 0.0296875 0.0546875
1 0.546875 0.2984375 0.0234375 0.02421875
1 0.51640625 0.38515625 0.028125 0.03828125
1 0.49609375 0.44296875 0.03203125 0.06484375
1 0.5296875 0.409375 0.01953125 0.01640625
1 0.5328125 0.4453125 0.03515625 0.03125
1 0.55390625 0.37578125 0.01875 0.01875
1 0.56875 0.4578125 0.02734375 0.03671875
1 0.50546875 0.61328125 0.03125 0.0578125
1 0.51171875 0.54453125 0.02421875 0.0421875
1 0.5578125 0.6203125 0.0359375 0.06328125
1 0.54765625 0.7296875 0.028125 0.05859375
1 0.54140625 0.828125 0.02890625 0.0390625
1 0.54609375 0.86015625 0.03046875 0.03671875
1 0.55 0.90390625 0.0328125 0.04375
1 0.50234375 0.90078125 0.02421875 0.04609375