1 0.39140625 0.57109375 0.046875 0.10703125
1 0.4 0.76171875 0.0296875 0.03984375
1 0.3875 0.79453125 0.0328125 0.046875
1 0.37578125 0.8453125 0.04453125 0.05390625
1 0.4125 0.83984375 0.0421875 0.046875
1 0.359375 0.91875 0.02734375 0.0453125
1 0.36171875 0.9671875 0.0390625 0.04375
1 0.4015625 0.890625 0.0328125 0.03515625
1 0.43359375 0.9578125 0.03125 0.04296875
1 0.45234375 0.65703125 0.03125 0.03046875
1 0.4078125 0.99296875 0.02421875 0.0140625
1 0.37578125 0.50546875 0.02734375 0.03046875