1 0.52578125 0.5609375 0.025 0.04296875
1 0.55078125 0.61875 0.01796875 0.02734375
1 0.55703125 0.64140625 0.0109375 0.01796875
1 0.553125 0.67421875 0.0125 0.03671875
1 0.55390625 0.7140625 0.0140625 0.02421875
1 0.5265625 0.74453125 0.02734375 0.05859375
1 0.48359375 0.88515625 0.03046875 0.07421875
1 0.5421875 0.921875 0.0140625 0.02578125
1 0.45546875 0.99375 0.0109375 0.0125
1 0.490625 0.8015625 0.02109375 0.03125
1 0.47578125 0.7859375 0.02109375 0.021875
1 0.47109375 0.75 0.0171875 0.02890625
1 0.484375 0.60859375 0.01328125 0.04453125
1 0.50234375 0.5546875 0.0171875 0.021875
1 0.490625 0.53828125 0.0234375 0.07109375
1 0.48984375 0.4921875 0.0125 0.0171875