1 0.565625 0.05234375 0.08984375 0.1046875
1 0.50859375 0.1796875 0.040625 0.1296875
1 0.5078125 0.29609375 0.05703125 0.09921875
1 0.49140625 0.36484375 0.02265625 0.0546875
1 0.48671875 0.4390625 0.02890625 0.07265625
1 0.54765625 0.534375 0.04375 0.15625
1 0.5125 0.4984375 0.03203125 0.03828125
1 0.49375 0.5671875 0.04375 0.0453125
1 0.5109375 0.63203125 0.0359375 0.05859375
1 0.4875 0.63984375 0.03671875 0.04375
1 0.5390625 0.64453125 0.025 0.053125
1 0.4890625 0.7515625 0.021875 0.046875
1 0.54140625 0.88515625 0.04375 0.09765625