1 0.52421875 0.98125 0.0234375 0.02734375
1 0.5578125 0.87890625 0.0203125 0.0328125
1 0.5484375 0.90703125 0.01796875 0.02734375
1 0.52421875 0.89765625 0.025 0.08515625
1 0.49765625 0.9140625 0.025 0.0765625
1 0.5 0.80390625 0.03828125 0.06640625
1 0.4921875 0.75625 0.02109375 0.03203125
1 0.528125 0.7 0.02578125 0.09296875
1 0.5375 0.77109375 0.021875 0.02890625
1 0.50859375 0.72890625 0.01953125 0.03046875
1 0.48203125 0.68125 0.01171875 0.0546875
1 0.49375 0.68984375 0.01875 0.021875
1 0.49765625 0.66484375 0.02578125 0.02734375
1 0.49453125 0.63671875 0.01875 0.0234375
1 0.5078125 0.58515625 0.02265625 0.02890625
1 0.55859375 0.58046875 0.01796875 0.0265625
1 0.54453125 0.603125 0.01796875 0.02265625
1 0.51015625 0.515625 0.0265625 0.0546875
1 0.515625 0.46953125 0.015625 0.021875
1 0.5609375 0.4453125 0.0234375 0.05234375
1 0.52578125 0.42109375 0.02109375 0.02578125
1 0.4953125 0.4 0.021875 0.0265625
1 0.5625 0.334375 0.025 0.05390625
1 0.5015625 0.303125 0.01796875 0.03046875
1 0.48828125 0.32265625 0.01953125 0.01953125
1 0.54453125 0.29921875 0.01640625 0.0265625
1 0.51953125 0.23203125 0.01796875 0.04296875
1 0.54296875 0.2015625 0.02421875 0.03671875
1 0.559375 0.2140625 0.02734375 0.02890625
1 0.4984375 0.2375 0.02265625 0.05234375
1 0.51484375 0.19609375 0.0234375 0.04140625
1 0.54140625 0.0875 0.02265625 0.0265625
1 0.55546875 0.07421875 0.02109375 0.025
1 0.56640625 0.0609375 0.0203125 0.02421875
1 0.571875 0.103125 0.0125 0.034375
1 0.49921875 0.07578125 0.015625 0.03359375
1 0.4890625 0.03671875 0.01640625 0.0234375
1 0.48671875 0.01171875 0.0265625 0.0234375
1 0.51171875 0.00859375 0.0203125 0.0171875
1 0.53828125 0.0375 0.025 0.03359375
1 0.4953125 0.99453125 0.015625 0.0109375
1 0.5640625 0.65546875 0.01796875 0.02890625
1 0.5125 0.634375 0.01484375 0.021875
1 0.49453125 0.553125 0.01875 0.03203125