1 0.43359375 0.48828125 0.03203125 0.0421875
1 0.46015625 0.62265625 0.09140625 0.2375
1 0.47265625 0.4828125 0.025 0.0328125
1 0.44375 0.446875 0.02265625 0.05703125
1 0.42421875 0.43203125 0.0109375 0.05625
1 0.4359375 0.40234375 0.01640625 0.0109375
0 0.471875 0.40390625 0.01796875 0.02421875
0 0.4828125 0.77265625 0.0203125 0.03125
0 0.4546875 0.7390625 0.015625 0.0203125
1 0.4828125 0.8703125 0.025 0.0296875
1 0.45234375 0.88046875 0.05546875 0.10703125
1 0.52421875 0.978125 0.034375 0.04375
1 0.51875 0.91484375 0.0359375 0.0890625
1 0.484375 0.9640625 0.01953125 0.040625
1 0.4703125 0.98046875 0.02109375 0.01953125
1 0.44140625 0.98046875 0.015625 0.028125
1 0.4375 0.93125 0.01484375 0.025
1 0.44140625 0.1796875 0.03828125 0.0984375
1 0.47109375 0.09375 0.0359375 0.0703125