1 0.54609375 0.02890625 0.03515625 0.0578125
1 0.5 0.01484375 0.02890625 0.0296875
1 0.46953125 0.00859375 0.01796875 0.0171875
1 0.4921875 0.1046875 0.034375 0.0625
1 0.5671875 0.13828125 0.02109375 0.02578125
1 0.56953125 0.25 0.0546875 0.0953125
1 0.53515625 0.3109375 0.04765625 0.09453125
1 0.50703125 0.3390625 0.034375 0.06484375
1 0.49921875 0.2609375 0.0234375 0.05
1 0.51328125 0.39765625 0.028125 0.05234375
1 0.5328125 0.47109375 0.040625 0.03984375
1 0.578125 0.52578125 0.040625 0.1125
1 0.54609375 0.54609375 0.046875 0.08046875
1 0.54140625 0.65 0.03671875 0.0765625
1 0.51796875 0.675 0.03046875 0.04765625
1 0.5609375 0.75 0.0421875 0.08203125
1 0.521875 0.784375 0.0234375 0.028125
0 0.51484375 0.95234375 0.025 0.03203125
1 0.484375 0.05859375 0.02109375 0.0203125