1 0.4640625 0.5453125 0.02578125 0.06328125
1 0.45234375 0.571875 0.0140625 0.0234375
1 0.484375 0.52109375 0.01015625 0.02265625
1 0.48203125 0.45859375 0.02109375 0.03515625
1 0.49609375 0.4375 0.0171875 0.02890625
1 0.45625 0.3640625 0.01875 0.0703125
1 0.47578125 0.31953125 0.0125 0.03046875
1 0.48828125 0.31015625 0.0125 0.02109375
1 0.51640625 0.58359375 0.01875 0.0265625
1 0.51484375 0.4859375 0.02109375 0.0609375
1 0.50703125 0.3421875 0.01484375 0.03671875
1 0.490625 0.2640625 0.015625 0.02578125
1 0.49921875 0.25078125 0.015625 0.021875
1 0.471875 0.0984375 0.01640625 0.02578125
1 0.4625 0.109375 0.01328125 0.03359375
1 0.465625 0.0140625 0.01171875 0.02734375
1 0.47109375 0.04453125 0.0203125 0.02578125
1 0.52265625 0.3984375 0.015625 0.03359375
1 0.52578125 0.6375 0.021875 0.06875
1 0.5078125 0.7078125 0.01796875 0.0265625
1 0.49375 0.72109375 0.01875 0.0296875
1 0.478125 0.76484375 0.0203125 0.028125
1 0.54140625 0.73203125 0.01953125 0.0234375
1 0.5015625 0.8265625 0.02265625 0.03359375
1 0.53125 0.8109375 0.0203125 0.028125
1 0.54609375 0.8 0.0171875 0.0296875
1 0.53359375 0.8578125 0.01640625 0.0296875
1 0.5125 0.8875 0.02734375 0.04140625
1 0.5390625 0.9453125 0.03203125 0.05703125
1 0.559375 0.90625 0.0125 0.02734375
1 0.55390625 0.98125 0.0234375 0.0375
0 0.5234375 0.98671875 0.015625 0.02265625
0 0.4921875 0.60078125 0.02734375 0.03046875
0 0.46640625 0.31953125 0.01171875 0.01796875
0 0.46484375 0.278125 0.0125 0.01640625
0 0.47421875 0.15234375 0.01015625 0.021875
0 0.48359375 0.1875 0.01640625 0.01796875
0 0.5265625 0.5375 0.0140625 0.034375
0 0.484375 0.809375 0.01875 0.025
0 0.5140625 0.7671875 0.0125 0.01796875
0 0.54296875 0.75703125 0.01328125 0.01484375
0 0.478125 0.3921875 0.01796875 0.02734375
0 0.4875 0.23515625 0.0171875 0.0171875
0 0.459375 0.146875 0.015625 0.01796875
1 0.48359375 0.0328125 0.01171875 0.0484375
1 0.4765625 0.06875 0.01171875 0.015625
1 0.50234375 0.29453125 0.01484375 0.03125