1 0.55390625 0.96875 0.0203125 0.0328125
1 0.54453125 0.99140625 0.01875 0.0171875
1 0.51953125 0.971875 0.025 0.05546875
1 0.4921875 0.98203125 0.025 0.0359375
1 0.496875 0.89375 0.03828125 0.06640625
1 0.48828125 0.84609375 0.02109375 0.03203125
1 0.52421875 0.78984375 0.02578125 0.09296875
1 0.53359375 0.86015625 0.021875 0.02890625
1 0.5046875 0.81796875 0.01953125 0.03046875
1 0.478125 0.77109375 0.01171875 0.0546875
1 0.48984375 0.7796875 0.01875 0.021875
1 0.49375 0.7546875 0.02578125 0.02734375
1 0.490625 0.7265625 0.01875 0.0234375
1 0.50390625 0.675 0.02265625 0.02890625
1 0.5546875 0.6703125 0.01796875 0.0265625
1 0.540625 0.69296875 0.01796875 0.02265625
1 0.50625 0.60546875 0.0265625 0.0546875
1 0.51171875 0.55859375 0.015625 0.021875
1 0.55703125 0.53515625 0.0234375 0.05234375
1 0.521875 0.5109375 0.02109375 0.02578125
1 0.4921875 0.48984375 0.021875 0.0265625
1 0.55859375 0.42421875 0.025 0.05390625
1 0.49765625 0.39296875 0.01796875 0.03046875
1 0.484375 0.41171875 0.01953125 0.01953125
1 0.540625 0.3890625 0.01640625 0.0265625
1 0.515625 0.32109375 0.01796875 0.04296875
1 0.5390625 0.29140625 0.02421875 0.03671875
1 0.55546875 0.30390625 0.02734375 0.02890625
1 0.49453125 0.32734375 0.02265625 0.05234375
1 0.5109375 0.2859375 0.0234375 0.04140625
1 0.5375 0.17734375 0.02265625 0.0265625
1 0.5515625 0.1640625 0.02109375 0.025
1 0.5625 0.15078125 0.0203125 0.02421875
1 0.56796875 0.1921875 0.0125 0.034375
1 0.4953125 0.165625 0.015625 0.03359375
1 0.496875 0.06640625 0.01796875 0.03046875
1 0.5265625 0.0703125 0.015625 0.03359375
1 0.54609375 0.07578125 0.01796875 0.02890625
1 0.48515625 0.1265625 0.01640625 0.0234375
1 0.4828125 0.09921875 0.0265625 0.0296875
1 0.5078125 0.096875 0.0203125 0.02265625
1 0.55703125 0.0484375 0.01796875 0.03203125
1 0.4765625 0.015625 0.01640625 0.03125
1 0.5296875 0.02578125 0.0171875 0.03203125
1 0.49296875 0.03671875 0.0203125 0.01640625
1 0.534375 0.12734375 0.025 0.03359375
1 0.56015625 0.7453125 0.01796875 0.02890625
1 0.50859375 0.72421875 0.01484375 0.021875
1 0.490625 0.64296875 0.01875 0.03203125