1 0.4671875 0.3203125 0.0375 0.03671875
1 0.47734375 0.3671875 0.04765625 0.07265625
1 0.48125 0.42578125 0.046875 0.0453125
1 0.484375 0.48828125 0.03671875 0.05
1 0.45234375 0.48671875 0.0328125 0.04453125
1 0.45859375 0.52421875 0.03984375 0.04765625
1 0.43984375 0.5859375 0.025 0.03203125
1 0.4921875 0.6625 0.034375 0.06015625
1 0.49453125 0.73046875 0.03125 0.05234375
1 0.48125 0.76171875 0.03671875 0.04921875
1 0.5109375 0.50625 0.0234375 0.04453125
1 0.43046875 0.75703125 0.01953125 0.04140625
1 0.43359375 0.80703125 0.03046875 0.0265625
1 0.4484375 0.8296875 0.028125 0.0265625
1 0.496875 0.85546875 0.03671875 0.04921875
1 0.50546875 0.90234375 0.02578125 0.04375
1 0.4609375 0.93828125 0.03125 0.03828125
1 0.4265625 0.8703125 0.02578125 0.03828125
1 0.49375 0.975 0.04375 0.05
1 0.45390625 0.9796875 0.0390625 0.040625
1 0.5 0.16171875 0.021875 0.13515625