1 0.5515625 0.240625 0.03125 0.046875
1 0.55390625 0.29453125 0.01875 0.0203125
1 0.55078125 0.35078125 0.0140625 0.01640625
1 0.48828125 0.4453125 0.06015625 0.13671875
1 0.5125 0.5203125 0.0359375 0.11953125
1 0.4671875 0.57890625 0.021875 0.0296875
1 0.4921875 0.65078125 0.04453125 0.1296875
1 0.5 0.76796875 0.01640625 0.015625
1 0.44921875 0.8546875 0.021875 0.0328125
1 0.4953125 0.89921875 0.0203125 0.0890625
1 0.46796875 0.9359375 0.03046875 0.059375
1 0.434375 0.925 0.01796875 0.0578125
1 0.45703125 0.98515625 0.03046875 0.02890625
1 0.4828125 0.99453125 0.01484375 0.01015625