1 0.40625 0.57578125 0.02578125 0.06484375
1 0.39375 0.60234375 0.0140625 0.02421875
1 0.4265625 0.55078125 0.01015625 0.0234375
1 0.42421875 0.48671875 0.02109375 0.0359375
1 0.4390625 0.46484375 0.0171875 0.0296875
1 0.39765625 0.38984375 0.01953125 0.071875
1 0.4171875 0.34453125 0.0125 0.03125
1 0.43046875 0.33515625 0.0125 0.021875
1 0.45859375 0.615625 0.01953125 0.0265625
1 0.4578125 0.515625 0.021875 0.0625
1 0.45 0.3671875 0.01484375 0.0375
1 0.4328125 0.2875 0.01640625 0.0265625
1 0.44140625 0.27421875 0.01640625 0.02265625
1 0.41328125 0.11796875 0.01640625 0.0265625
1 0.40390625 0.1296875 0.0140625 0.034375
1 0.40703125 0.02265625 0.01171875 0.0453125
1 0.4125 0.06328125 0.0203125 0.0265625
1 0.46484375 0.42578125 0.01640625 0.03515625
1 0.46875 0.6703125 0.02265625 0.0703125
1 0.45 0.7421875 0.01875 0.0265625
1 0.4359375 0.75625 0.01953125 0.03046875
1 0.4203125 0.80078125 0.02109375 0.02890625
1 0.484375 0.7671875 0.0203125 0.02421875
1 0.44375 0.8640625 0.0234375 0.034375
1 0.47421875 0.84765625 0.0203125 0.02890625
1 0.48984375 0.83671875 0.01796875 0.03046875
1 0.4765625 0.89609375 0.0171875 0.03046875
1 0.4546875 0.9265625 0.028125 0.0421875
1 0.48203125 0.978125 0.0328125 0.04375
1 0.503125 0.9453125 0.0125 0.028125
0 0.434375 0.6328125 0.02734375 0.03046875
0 0.4078125 0.34453125 0.01171875 0.01796875
0 0.40625 0.3015625 0.01328125 0.0171875
0 0.415625 0.17265625 0.01015625 0.021875
0 0.42578125 0.209375 0.0171875 0.01796875
0 0.46953125 0.5671875 0.0140625 0.03515625
0 0.4265625 0.84609375 0.01953125 0.025
0 0.45703125 0.803125 0.0125 0.01796875
0 0.4859375 0.7921875 0.0140625 0.01484375
0 0.4203125 0.41953125 0.01875 0.028125
0 0.4296875 0.2578125 0.01796875 0.0171875
0 0.40078125 0.16796875 0.01640625 0.01875
1 0.42578125 0.0515625 0.0125 0.04921875
1 0.41796875 0.0875 0.0125 0.01640625
1 0.4453125 0.31875 0.015625 0.03203125