1 0.49453125 0.50390625 0.03125 0.06640625
1 0.440625 0.59296875 0.015625 0.0671875
1 0.45078125 0.70234375 0.028125 0.1078125
1 0.41640625 0.25546875 0.0328125 0.05859375
1 0.4421875 0.59375 0.02265625 0.07578125
1 0.45546875 0.7078125 0.0296875 0.0953125
1 0.46875 0.7796875 0.03828125 0.06484375
1 0.47578125 0.878125 0.04609375 0.13125
1 0.50390625 0.803125 0.03046875 0.10390625
1 0.50546875 0.72890625 0.01640625 0.0390625
1 0.51015625 0.97109375 0.0453125 0.0578125
1 0.42109375 0.3703125 0.02734375 0.01796875
1 0.46015625 0.478125 0.0234375 0.0296875