1 0.4453125 0.5640625 0.0265625 0.0453125
1 0.41875 0.62421875 0.01875 0.028125
1 0.41328125 0.6484375 0.01171875 0.01875
1 0.41640625 0.6828125 0.01328125 0.0390625
1 0.41640625 0.72578125 0.01484375 0.02578125
1 0.4453125 0.75703125 0.02890625 0.06171875
1 0.490625 0.90625 0.03203125 0.07890625
1 0.428125 0.9453125 0.01484375 0.02734375
1 0.4828125 0.81796875 0.02265625 0.03359375
1 0.4984375 0.8015625 0.021875 0.02265625
1 0.503125 0.76328125 0.01875 0.03046875
1 0.48984375 0.6140625 0.0140625 0.046875
1 0.4703125 0.55703125 0.01875 0.02265625
1 0.4828125 0.53984375 0.025 0.075
1 0.484375 0.490625 0.01328125 0.01875