1 0.54453125 0.0484375 0.02265625 0.04375
1 0.5578125 0.0234375 0.01484375 0.01796875
1 0.47421875 0.1296875 0.02578125 0.03515625
1 0.47109375 0.165625 0.025 0.028125
1 0.5640625 0.0953125 0.01640625 0.0203125
1 0.55703125 0.1375 0.02109375 0.0265625
1 0.53984375 0.1859375 0.0234375 0.04921875
1 0.55859375 0.19609375 0.01796875 0.02578125
1 0.51484375 0.27265625 0.03046875 0.09375
1 0.49765625 0.37734375 0.040625 0.1515625
1 0.58046875 0.3859375 0.0265625 0.1828125
1 0.5578125 0.49609375 0.01640625 0.0328125
1 0.496875 0.50234375 0.021875 0.0703125
1 0.56328125 0.71796875 0.02265625 0.0390625
1 0.59453125 0.66015625 0.01875 0.103125
1 0.521875 0.82421875 0.025 0.03671875
1 0.58359375 0.8375 0.025 0.04921875
1 0.56015625 0.9453125 0.0609375 0.109375