1 0.50234375 0.2609375 0.05234375 0.06640625
1 0.5125 0.4359375 0.05234375 0.096875
1 0.5046875 0.50703125 0.0453125 0.0296875
1 0.5078125 0.546875 0.03828125 0.04609375
1 0.54140625 0.54296875 0.01875 0.03203125
1 0.5515625 0.5109375 0.034375 0.05859375
1 0.47109375 0.60625 0.03046875 0.08125
1 0.5609375 0.6125 0.03046875 0.04296875
1 0.5390625 0.68515625 0.04375 0.05390625
1 0.50390625 0.90078125 0.05 0.13125
1 0.5578125 0.8625 0.04765625 0.05078125
1 0.55859375 0.82734375 0.02578125 0.02890625
1 0.57734375 0.8046875 0.0171875 0.0625
1 0.58125 0.98359375 0.015625 0.03203125