1 0.56328125 0.06171875 0.0125 0.02734375
1 0.515625 0.384375 0.03125 0.146875
1 0.4734375 0.253125 0.0265625 0.17578125
1 0.49921875 0.26015625 0.01953125 0.01953125
1 0.521875 0.64765625 0.03671875 0.140625
1 0.48515625 0.6171875 0.0234375 0.0265625
1 0.5375 0.75546875 0.03515625 0.0609375
1 0.48828125 0.77421875 0.02109375 0.0265625
1 0.46640625 0.71328125 0.015625 0.01796875
1 0.4796875 0.67421875 0.01796875 0.0140625
1 0.53125 0.8703125 0.0203125 0.0265625
1 0.53125 0.89921875 0.0515625 0.034375
1 0.46484375 0.82265625 0.02109375 0.0203125
1 0.48203125 0.846875 0.040625 0.0328125
1 0.5515625 0.84765625 0.0125 0.01640625
1 0.55 0.82734375 0.01875 0.01796875
1 0.54765625 0.940625 0.01953125 0.03203125
1 0.48828125 0.9546875 0.040625 0.06328125
1 0.45859375 0.88203125 0.01171875 0.01953125
1 0.55078125 0.79453125 0.01484375 0.03203125
1 0.5453125 0.9875 0.0234375 0.025