1 0.4953125 0.03515625 0.0234375 0.04296875
1 0.42578125 0.01171875 0.0328125 0.0234375
1 0.46328125 0.0109375 0.0484375 0.021875
1 0.42109375 0.06875 0.040625 0.08359375
1 0.4109375 0.14375 0.03515625 0.0515625
1 0.4546875 0.18359375 0.046875 0.0703125
1 0.47109375 0.253125 0.046875 0.06796875
1 0.46953125 0.3765625 0.0390625 0.06171875
1 0.48515625 0.46875 0.03828125 0.1125
1 0.44296875 0.48984375 0.034375 0.0859375
1 0.41171875 0.4046875 0.01953125 0.0375
1 0.503125 0.5765625 0.0265625 0.075
1 0.43359375 0.55390625 0.025 0.0203125
1 0.44453125 0.65078125 0.03984375 0.0453125
1 0.45625 0.76015625 0.04140625 0.0515625
1 0.5140625 0.796875 0.03671875 0.0375