1 0.4921875 0.46796875 0.03125 0.04140625
1 0.51875 0.59921875 0.0890625 0.23125
1 0.53046875 0.4625 0.02421875 0.03203125
1 0.50234375 0.42734375 0.02265625 0.05546875
1 0.48359375 0.41328125 0.0109375 0.0546875
1 0.4953125 0.38515625 0.015625 0.01015625
0 0.5296875 0.3859375 0.01796875 0.02421875
0 0.53984375 0.74453125 0.0203125 0.03046875
0 0.51328125 0.71171875 0.015625 0.01953125
1 0.540625 0.83984375 0.02421875 0.02890625
1 0.5109375 0.85 0.05390625 0.10390625
1 0.58046875 0.96171875 0.03359375 0.0765625
1 0.57578125 0.88359375 0.03515625 0.08671875
1 0.5421875 0.93125 0.01875 0.03984375
1 0.528125 0.946875 0.0203125 0.01875
0 0.54375 0.9734375 0.01328125 0.02109375
0 0.5578125 0.9953125 0.0171875 0.00859375
1 0.5 0.946875 0.015625 0.02734375
1 0.49609375 0.89921875 0.01484375 0.02421875
1 0.5 0.16796875 0.03671875 0.09609375
1 0.52890625 0.084375 0.034375 0.06796875