1 0.52890625 0.03046875 0.02109375 0.0390625
1 0.59296875 0.01015625 0.03046875 0.0203125
1 0.5578125 0.009375 0.04375 0.01875
1 0.59609375 0.0609375 0.03671875 0.07578125
1 0.60546875 0.12890625 0.03203125 0.046875
1 0.565625 0.165625 0.0421875 0.0640625
1 0.55078125 0.22890625 0.04296875 0.06171875
1 0.55234375 0.340625 0.0359375 0.05625
1 0.53828125 0.425 0.03515625 0.10234375
1 0.5765625 0.44375 0.03125 0.078125
1 0.6046875 0.3671875 0.01796875 0.034375
1 0.521875 0.52265625 0.02421875 0.06796875
1 0.58515625 0.50234375 0.02265625 0.01875
1 0.575 0.590625 0.03671875 0.04140625
1 0.5640625 0.68984375 0.0375 0.046875
1 0.51171875 0.7234375 0.0328125 0.034375