1 0.44921875 0.415625 0.0296875 0.07890625
1 0.4984375 0.38125 0.02109375 0.02109375
1 0.49765625 0.40546875 0.015625 0.015625
1 0.49453125 0.421875 0.0109375 0.0109375
1 0.46875 0.28046875 0.01796875 0.02109375
1 0.50078125 0.275 0.0140625 0.02734375
1 0.4890625 0.528125 0.01875 0.03671875
1 0.4875 0.68359375 0.02109375 0.02890625
1 0.5015625 0.76953125 0.02578125 0.03203125
1 0.49609375 0.83984375 0.025 0.0234375
1 0.4546875 0.8546875 0.01640625 0.0265625
1 0.43359375 0.8625 0.015625 0.02890625
1 0.45234375 0.89453125 0.01328125 0.01796875
1 0.48984375 0.92265625 0.025 0.02578125
1 0.44921875 0.95078125 0.01875 0.02734375
1 0.4515625 0.92265625 0.0171875 0.0140625
1 0.47109375 0.24140625 0.01484375 0.02421875
1 0.47890625 0.21953125 0.0140625 0.02109375