1 0.5265625 0.465625 0.034375 0.17109375
1 0.49453125 0.36328125 0.01875 0.02578125
1 0.4859375 0.5453125 0.01875 0.08984375
1 0.4734375 0.61875 0.0234375 0.03125
1 0.51328125 0.5796875 0.01953125 0.025
1 0.5359375 0.753125 0.01171875 0.09609375
1 0.50078125 0.790625 0.02890625 0.11875
1 0.509375 0.92421875 0.021875 0.08359375
1 0.45546875 0.8671875 0.01328125 0.03125
1 0.453125 0.98046875 0.0140625 0.0390625
1 0.48671875 0.98046875 0.02421875 0.0203125
1 0.534375 0.89453125 0.01171875 0.05859375
1 0.52734375 0.996875 0.0140625 0.00625