1 0.4359375 0.5484375 0.046875 0.10546875
1 0.44453125 0.73671875 0.02890625 0.0390625
1 0.43203125 0.76953125 0.0328125 0.04609375
1 0.4203125 0.81953125 0.04375 0.053125
1 0.45703125 0.81484375 0.04140625 0.04609375
1 0.4046875 0.8921875 0.0265625 0.0453125
1 0.40703125 0.940625 0.0390625 0.04375
1 0.44609375 0.86484375 0.0328125 0.03515625
1 0.478125 0.93125 0.03046875 0.0421875
1 0.49609375 0.63359375 0.03046875 0.03046875
1 0.4625 0.990625 0.025 0.01875
1 0.4515625 0.971875 0.02421875 0.0265625
1 0.4203125 0.48359375 0.0265625 0.03046875