1 0.45234375 0.4328125 0.0296875 0.078125
1 0.5015625 0.3984375 0.02109375 0.02109375
1 0.50078125 0.4234375 0.01484375 0.015625
1 0.49765625 0.4390625 0.01015625 0.0109375
1 0.471875 0.29921875 0.01796875 0.0203125
1 0.50390625 0.29375 0.0140625 0.0265625
1 0.4921875 0.54375 0.01875 0.03671875
1 0.490625 0.6984375 0.0203125 0.02890625
1 0.50390625 0.7828125 0.02578125 0.03125
1 0.49921875 0.853125 0.02421875 0.0234375
1 0.45859375 0.8671875 0.015625 0.02578125
1 0.4375 0.875 0.015625 0.02890625
1 0.45625 0.90703125 0.01328125 0.01796875
1 0.49296875 0.934375 0.025 0.02578125
1 0.453125 0.9625 0.01875 0.02734375
1 0.4546875 0.934375 0.0171875 0.0140625
1 0.47421875 0.26015625 0.0140625 0.0234375
1 0.48203125 0.2390625 0.01328125 0.02109375