1 0.45078125 0.52265625 0.04453125 0.10078125
1 0.45859375 0.703125 0.02734375 0.0375
1 0.44609375 0.734375 0.03125 0.04375
1 0.43515625 0.78203125 0.0421875 0.05078125
1 0.4703125 0.77734375 0.03984375 0.04375
1 0.4203125 0.8515625 0.02578125 0.04296875
1 0.42265625 0.89765625 0.03671875 0.04140625
1 0.46015625 0.825 0.03125 0.03359375
1 0.490625 0.88828125 0.02890625 0.040625
1 0.5078125 0.6046875 0.02890625 0.02890625
1 0.42734375 0.9859375 0.04765625 0.02734375
1 0.475 0.953125 0.02421875 0.03203125
1 0.465625 0.92734375 0.0234375 0.025
1 0.478125 0.9875 0.02421875 0.02421875
1 0.43515625 0.4609375 0.02578125 0.02890625