1 0.45078125 0.1015625 0.0125 0.02734375
1 0.4984375 0.4234375 0.03125 0.146875
1 0.54140625 0.2921875 0.0265625 0.17578125
1 0.51484375 0.29921875 0.01953125 0.01953125
1 0.49296875 0.68671875 0.03671875 0.140625
1 0.52890625 0.65703125 0.0234375 0.0265625
1 0.4765625 0.79453125 0.03515625 0.0609375
1 0.52578125 0.81328125 0.02109375 0.0265625
1 0.54765625 0.75234375 0.015625 0.01796875
1 0.534375 0.71328125 0.01796875 0.0140625
1 0.4828125 0.91015625 0.0203125 0.0265625
1 0.4828125 0.93828125 0.0515625 0.034375
1 0.54921875 0.86171875 0.02109375 0.0203125
1 0.53203125 0.8859375 0.040625 0.0328125
1 0.46328125 0.88671875 0.0125 0.01640625
1 0.4640625 0.8671875 0.01875 0.01796875
1 0.46640625 0.98046875 0.01953125 0.03203125
1 0.5265625 0.98125 0.03984375 0.0375
1 0.55546875 0.921875 0.01171875 0.01953125
1 0.46328125 0.83359375 0.01484375 0.03203125