1 0.5140625 0.11171875 0.0453125 0.065625
1 0.484375 0.19453125 0.028125 0.03671875
1 0.49140625 0.240625 0.040625 0.03125
1 0.54453125 0.2578125 0.04609375 0.03828125
1 0.50859375 0.2765625 0.02578125 0.03046875
1 0.54609375 0.17734375 0.034375 0.03671875
1 0.45 0.8046875 0.04375 0.07890625
1 0.490625 0.73515625 0.0390625 0.04921875
1 0.534375 0.75390625 0.021875 0.0390625
1 0.52421875 0.8203125 0.02578125 0.03828125
1 0.5078125 0.8375 0.03828125 0.04453125
1 0.46640625 0.8671875 0.02578125 0.040625
1 0.42109375 0.91796875 0.0421875 0.08828125
1 0.54921875 0.4765625 0.04375 0.06953125
1 0.475 0.48515625 0.040625 0.05
1 0.47734375 0.45 0.03828125 0.02421875
1 0.475 0.42578125 0.03359375 0.03046875
1 0.47734375 0.3453125 0.04375 0.0671875
1 0.57265625 0.15234375 0.03515625 0.0515625
1 0.46796875 0.52421875 0.034375 0.0453125
1 0.5078125 0.66484375 0.03515625 0.075
1 0.43671875 0.6359375 0.03984375 0.04921875
1 0.54296875 0.69375 0.01796875 0.040625
1 0.528125 0.56953125 0.0578125 0.0640625