1 0.5171875 0.84609375 0.03046875 0.20859375
1 0.46328125 0.88359375 0.01953125 0.0375
1 0.49375 0.77734375 0.01953125 0.03046875
1 0.446875 0.67109375 0.01328125 0.028125
1 0.4640625 0.59140625 0.0171875 0.09921875
1 0.490625 0.521875 0.02109375 0.0375
1 0.49296875 0.59453125 0.0234375 0.0296875
1 0.52265625 0.63828125 0.0125 0.15703125
1 0.44375 0.4265625 0.0109375 0.034375
1 0.45859375 0.5015625 0.015625 0.0234375
1 0.44609375 0.95078125 0.01953125 0.0984375
1 0.5140625 0.975 0.021875 0.04921875
1 0.471875 0.2375 0.02421875 0.06484375
1 0.46484375 0.3125 0.01640625 0.05859375
1 0.48515625 0.12890625 0.01640625 0.0453125
1 0.49921875 0.14609375 0.01171875 0.025