1 0.56484375 0.43359375 0.02890625 0.0765625
1 0.5171875 0.4 0.0203125 0.02109375
1 0.5171875 0.42421875 0.01484375 0.01484375
1 0.5203125 0.43984375 0.01015625 0.01015625
1 0.54609375 0.303125 0.0171875 0.0203125
1 0.51484375 0.29765625 0.0140625 0.02578125
1 0.52578125 0.54296875 0.01796875 0.0359375
1 0.52734375 0.69375 0.0203125 0.028125
1 0.5140625 0.7765625 0.025 0.03046875
1 0.51875 0.84453125 0.02421875 0.02265625
1 0.559375 0.85859375 0.015625 0.02578125
1 0.5796875 0.86640625 0.01484375 0.028125
1 0.5609375 0.89765625 0.01328125 0.01796875
1 0.525 0.925 0.02421875 0.025
1 0.5640625 0.9515625 0.01875 0.0265625
1 0.5625 0.92421875 0.0171875 0.01328125
1 0.54375 0.26484375 0.0140625 0.0234375
1 0.5359375 0.24453125 0.01328125 0.0203125