1 0.51015625 0.7234375 0.0203125 0.025
1 0.50625 0.7546875 0.0140625 0.01953125
1 0.546875 0.9875 0.0171875 0.025
1 0.53203125 0.70078125 0.01484375 0.02734375
1 0.51015625 0.61875 0.0203125 0.06171875
1 0.47734375 0.54296875 0.01953125 0.03359375
1 0.52734375 0.5875 0.0171875 0.03203125
1 0.4875 0.5921875 0.0296875 0.02421875
1 0.47109375 0.3828125 0.02265625 0.02578125
1 0.4609375 0.41953125 0.02265625 0.07734375
1 0.47890625 0.425 0.0171875 0.03046875
1 0.51015625 0.43984375 0.01875 0.0515625
1 0.4859375 0.33828125 0.0265625 0.0671875
1 0.47265625 0.28671875 0.01953125 0.02734375
1 0.43125 0.3046875 0.015625 0.01796875
1 0.453125 0.334375 0.0171875 0.02265625
1 0.43828125 0.4140625 0.03515625 0.07265625
1 0.415625 0.2234375 0.0265625 0.075
1 0.44765625 0.21640625 0.0203125 0.02578125
1 0.42109375 0.165625 0.0265625 0.0390625
1 0.4546875 0.13203125 0.015625 0.02578125
1 0.44140625 0.084375 0.0265625 0.04609375
1 0.3796875 0.103125 0.01328125 0.02109375
1 0.4375 0.34296875 0.02265625 0.040625