1 0.48359375 0.2671875 0.04921875 0.0625
1 0.49296875 0.43203125 0.04921875 0.09140625
1 0.4859375 0.49921875 0.04296875 0.028125
1 0.48828125 0.5375 0.03671875 0.04375
1 0.5203125 0.53359375 0.01796875 0.03046875
1 0.5296875 0.50390625 0.0328125 0.05546875
1 0.45390625 0.59375 0.02890625 0.0765625
1 0.5390625 0.6 0.02890625 0.040625
1 0.51796875 0.66796875 0.04140625 0.05078125
1 0.48515625 0.87265625 0.04765625 0.12421875
1 0.5359375 0.83671875 0.04453125 0.04765625
1 0.5359375 0.803125 0.02421875 0.02734375
1 0.55390625 0.78125 0.01640625 0.059375
1 0.5578125 0.96640625 0.01484375 0.06015625