1 0.496875 0.44765625 0.03203125 0.0421875
1 0.4703125 0.58203125 0.09140625 0.2375
1 0.4578125 0.4421875 0.025 0.0328125
1 0.48671875 0.40546875 0.02265625 0.05703125
1 0.50625 0.39140625 0.0109375 0.05625
1 0.49453125 0.36171875 0.01640625 0.0109375
0 0.45859375 0.36328125 0.01796875 0.02421875
0 0.4484375 0.73203125 0.0203125 0.03125
0 0.47578125 0.6984375 0.015625 0.0203125
1 0.44765625 0.8296875 0.025 0.0296875
1 0.478125 0.83984375 0.05546875 0.10703125
1 0.40625 0.9578125 0.034375 0.084375
1 0.41171875 0.87421875 0.0359375 0.0890625
1 0.44609375 0.9234375 0.01953125 0.040625
1 0.46015625 0.93984375 0.02109375 0.01953125
0 0.44453125 0.9671875 0.01328125 0.021875
0 0.42890625 0.9921875 0.0171875 0.015625
1 0.4890625 0.93984375 0.015625 0.028125
1 0.49296875 0.890625 0.01484375 0.025
1 0.4890625 0.1390625 0.03828125 0.0984375
1 0.46015625 0.053125 0.0359375 0.0703125