1 0.51640625 0.03671875 0.0140625 0.0265625
1 0.534375 0.05625 0.01640625 0.046875
1 0.521875 0.08828125 0.01875 0.0234375
1 0.53515625 0.1546875 0.02421875 0.0765625
1 0.5328125 0.20859375 0.02109375 0.03671875
1 0.51171875 0.2140625 0.02109375 0.0234375
1 0.55 0.25078125 0.01875 0.05
1 0.55625 0.29375 0.01875 0.0390625
1 0.53203125 0.27265625 0.021875 0.04765625
1 0.50859375 0.28203125 0.0234375 0.04453125
1 0.490625 0.3 0.0234375 0.04609375
1 0.5078125 0.14765625 0.01796875 0.05234375
1 0.5140625 0.33046875 0.02578125 0.03515625
1 0.53125 0.3203125 0.01875 0.021875
1 0.55390625 0.32109375 0.015625 0.02109375
1 0.55078125 0.3484375 0.01875 0.0234375
1 0.52890625 0.37265625 0.01875 0.02890625
1 0.50078125 0.35859375 0.025 0.02265625
1 0.47734375 0.37265625 0.01484375 0.03984375
1 0.50625 0.3953125 0.0125 0.0171875
1 0.53203125 0.4015625 0.01796875 0.0171875
1 0.54296875 0.37265625 0.01484375 0.01328125
1 0.55546875 0.38828125 0.021875 0.0140625
1 0.56484375 0.409375 0.0171875 0.01640625
1 0.50625 0.3796875 0.0171875 0.015625
1 0.5046875 0.41640625 0.01875 0.0203125
1 0.4828125 0.4484375 0.02109375 0.025
1 0.51015625 0.45390625 0.02578125 0.02421875
1 0.46875 0.4515625 0.015625 0.034375
1 0.53125 0.52578125 0.02421875 0.04609375
1 0.50859375 0.503125 0.0265625 0.0296875
1 0.4765625 0.56953125 0.03046875 0.046875
1 0.5421875 0.60234375 0.02265625 0.02578125
1 0.525 0.60078125 0.0171875 0.01875
1 0.52890625 0.61875 0.01953125 0.01640625
1 0.4921875 0.61640625 0.01796875 0.01640625
1 0.48125 0.6484375 0.0234375 0.0171875
1 0.45390625 0.64765625 0.01953125 0.03125
1 0.53046875 0.6890625 0.02578125 0.05390625
1 0.48046875 0.74453125 0.02890625 0.028125
1 0.54140625 0.43515625 0.0140625 0.01796875
1 0.48828125 0.4125 0.01171875 0.03203125
1 0.46171875 0.68671875 0.02109375 0.01640625
1 0.475 0.70234375 0.01875 0.01796875
1 0.44765625 0.7015625 0.01171875 0.02109375
1 0.44765625 0.76171875 0.01640625 0.015625
1 0.46484375 0.77109375 0.02421875 0.0171875
1 0.5484375 0.6484375 0.0140625 0.01640625
1 0.5359375 0.72890625 0.0203125 0.01640625
1 0.55859375 0.73359375 0.01171875 0.0140625
1 0.55546875 0.89765625 0.015625 0.01796875
1 0.51875 0.94921875 0.01953125 0.01875
1 0.528125 0.81015625 0.01796875 0.028125
1 0.44140625 0.85625 0.0234375 0.040625
1 0.49453125 0.8796875 0.015625 0.02109375
1 0.4875 0.8921875 0.009375 0.015625
1 0.46015625 0.85 0.01953125 0.01640625
1 0.44296875 0.9546875 0.01328125 0.02734375