0 0.5859375 0.5953125 0.2234375 0.14453125
0 0.54453125 0.71875 0.09453125 0.1734375
0 0.4140625 0.7625 0.12265625 0.26953125
0 0.3890625 0.53984375 0.0609375 0.1390625
0 0.27109375 0.73828125 0.0859375 0.18125
0 0.2828125 0.47890625 0.10078125 0.16328125
0 0.11875 0.634375 0.1140625 0.15078125
0 0.08125 0.509375 0.07578125 0.10390625
0 0.03046875 0.634375 0.0609375 0.12734375
0 0.69921875 0.85 0.03984375 0.14609375
0 0.7546875 0.8203125 0.0859375 0.15234375
0 0.84609375 0.78046875 0.05078125 0.096875
0 0.95546875 0.81171875 0.065625 0.0859375
0 0.46796875 0.96484375 0.09765625 0.0703125