0 0.5546875 0.165625 0.1796875 0.20546875
0 0.46640625 0.74296875 0.13671875 0.290625
0 0.17265625 0.4265625 0.13828125 0.190625
0 0.05703125 0.19453125 0.1140625 0.3890625
0 0.71796875 0.74453125 0.12578125 0.2703125
0 0.90625 0.846875 0.115625 0.30625
0 0.96484375 0.209375 0.0703125 0.16875
0 0.88515625 0.20625 0.0984375 0.215625
0 0.17890625 0.72890625 0.096875 0.196875
0 0.05625 0.6203125 0.06796875 0.18671875
0 0.75546875 0.07265625 0.04375 0.1453125
0 0.6421875 0.04765625 0.1078125 0.0953125
0 0.72734375 0.465625 0.040625 0.12890625
0 0.7703125 0.5640625 0.0453125 0.1078125