0 0.4890625 0.0890625 0.12109375 0.178125
0 0.2078125 0.109375 0.12734375 0.21796875
0 0.128125 0.52578125 0.18046875 0.29296875
0 0.33046875 0.59921875 0.153125 0.353125
0 0.51484375 0.63671875 0.1203125 0.246875
0 0.65859375 0.81640625 0.13515625 0.24140625
0 0.61484375 0.328125 0.1375 0.24296875
0 0.765625 0.1625 0.109375 0.184375
0 0.66796875 0.078125 0.04921875 0.0984375
0 0.90703125 0.36953125 0.1421875 0.29765625
0 0.79609375 0.4328125 0.06796875 0.19453125
0 0.7203125 0.3515625 0.06171875 0.12734375
0 0.69921875 0.45546875 0.034375 0.0875
0 0.79765625 0.290625 0.05625 0.11953125
0 0.8703125 0.8859375 0.08984375 0.1703125
0 0.98828125 0.6328125 0.02265625 0.1375
0 0.909375 0.16328125 0.07734375 0.09609375