0 0.42421875 0.35625 0.0421875 0.14375
0 0.4359375 0.240625 0.03359375 0.13515625
0 0.4921875 0.15859375 0.04609375 0.1359375
0 0.5859375 0.3015625 0.04453125 0.12109375
0 0.71328125 0.66171875 0.084375 0.23671875
0 0.68203125 0.87578125 0.115625 0.1484375
0 0.89609375 0.62734375 0.03828125 0.18203125
0 0.28046875 0.85390625 0.11875 0.20078125
0 0.365625 0.946875 0.04921875 0.10625
0 0.52890625 0.7859375 0.071875 0.1515625
0 0.3953125 0.63203125 0.0359375 0.134375
0 0.46328125 0.6375 0.0265625 0.115625
0 0.428125 0.68125 0.034375 0.096875
0 0.21875 0.15546875 0.0828125 0.196875
0 0.35625 0.0796875 0.06328125 0.159375
0 0.40625 0.03203125 0.0421875 0.0640625
0 0.1375 0.053125 0.075 0.10625
0 0.1125 0.17890625 0.04375 0.11875
0 0.0375 0.06953125 0.075 0.13828125
0 0.07109375 0.6171875 0.0484375 0.19375
0 0.16015625 0.6671875 0.03125 0.14765625
0 0.009375 0.80859375 0.01875 0.14921875
0 0.02109375 0.91875 0.0296875 0.11796875
0 0.61953125 0.078125 0.0546875 0.1109375
0 0.6984375 0.0828125 0.0546875 0.15703125
0 0.7890625 0.1609375 0.0359375 0.13125
0 0.7328125 0.0640625 0.06328125 0.12734375
0 0.8296875 0.10078125 0.04375 0.1359375
0 0.8578125 0.321875 0.0359375 0.18125
0 0.89375 0.628125 0.0515625 0.20390625
0 0.96875 0.59375 0.04375 0.19375
0 0.96953125 0.1390625 0.053125 0.1828125
0 0.99140625 0.33984375 0.0171875 0.1703125
0 0.91875 0.2375 0.02890625 0.109375
0 0.91015625 0.05859375 0.03515625 0.1171875