0 0.34453125 0.2140625 0.05078125 0.0765625
0 0.034375 0.06875 0.06875 0.13671875
0 0.21015625 0.62109375 0.059375 0.096875
0 0.15 0.646875 0.078125 0.109375
0 0.12578125 0.3734375 0.06640625 0.1
0 0.296875 0.20234375 0.07578125 0.115625
0 0.40625 0.2203125 0.071875 0.08828125
0 0.35703125 0.09375 0.05546875 0.07734375
0 0.25546875 0.13046875 0.04140625 0.04921875
0 0.30859375 0.134375 0.03046875 0.06640625
0 0.534375 0.23046875 0.0453125 0.10859375
0 0.56328125 0.1671875 0.05703125 0.07421875
0 0.60078125 0.21171875 0.0609375 0.07734375
0 0.70234375 0.22734375 0.06171875 0.0734375
0 0.6546875 0.28828125 0.0390625 0.03984375
0 0.67109375 0.38125 0.06015625 0.08046875
0 0.55 0.65859375 0.07578125 0.0859375
0 0.48125 0.4390625 0.0484375 0.0625
0 0.45 0.1359375 0.021875 0.03984375
0 0.42109375 0.0171875 0.0265625 0.03359375
0 0.0734375 0.17890625 0.02734375 0.06953125
0 0.25078125 0.72890625 0.03515625 0.046875
0 0.30625 0.72578125 0.0484375 0.0578125
0 0.50390625 0.734375 0.0515625 0.0921875
0 0.5390625 0.7390625 0.04296875 0.06015625
0 0.575 0.5296875 0.0453125 0.053125
0 0.65 0.5453125 0.04765625 0.0671875
0 0.71484375 0.52578125 0.0515625 0.07421875
0 0.69921875 0.809375 0.07890625 0.0859375
0 0.83828125 0.803125 0.06484375 0.0703125
0 0.853125 0.5953125 0.06484375 0.0921875
0 0.90078125 0.88046875 0.04296875 0.078125
0 0.91015625 0.653125 0.0296875 0.0515625
0 0.95625 0.68828125 0.02421875 0.05859375
0 0.75078125 0.12890625 0.05390625 0.0671875
0 0.89921875 0.2375 0.04609375 0.0765625
0 0.81328125 0.2734375 0.04765625 0.084375
0 0.7703125 0.40859375 0.0296875 0.071875
0 0.86328125 0.41875 0.07265625 0.11015625
0 0.80390625 0.41953125 0.0484375 0.10234375
0 0.903125 0.34296875 0.0390625 0.07890625
0 0.96953125 0.34765625 0.03125 0.06484375
0 0.98984375 0.63359375 0.01953125 0.09375
0 0.31953125 0.54453125 0.0296875 0.0546875