0 0.33046875 0.2078125 0.05234375 0.078125
0 0.02421875 0.06328125 0.0484375 0.1265625
0 0.19375 0.6234375 0.06015625 0.09921875
0 0.13125 0.65078125 0.0796875 0.11171875
0 0.10703125 0.37109375 0.06796875 0.10234375
0 0.28125 0.1953125 0.07734375 0.11796875
0 0.39375 0.2140625 0.0734375 0.08984375
0 0.34296875 0.084375 0.05703125 0.0796875
0 0.2390625 0.12265625 0.0421875 0.05078125
0 0.29375 0.12578125 0.03046875 0.06796875
0 0.52421875 0.22421875 0.04609375 0.11171875
0 0.55390625 0.159375 0.05859375 0.07578125
0 0.5921875 0.20546875 0.0625 0.07890625
0 0.6953125 0.22109375 0.06328125 0.075
0 0.64765625 0.28359375 0.03984375 0.040625
0 0.6640625 0.37890625 0.06171875 0.0828125
0 0.53984375 0.6625 0.07734375 0.08828125
0 0.4703125 0.4375 0.05 0.0640625
0 0.43828125 0.12734375 0.02265625 0.040625
0 0.40859375 0.01171875 0.02734375 0.0234375
0 0.05390625 0.17109375 0.028125 0.07109375
0 0.23515625 0.734375 0.0359375 0.0484375
0 0.29140625 0.73125 0.05 0.059375
0 0.49296875 0.73984375 0.053125 0.09453125
0 0.52890625 0.74453125 0.04375 0.06171875
0 0.565625 0.5296875 0.04609375 0.05390625
0 0.64296875 0.54609375 0.04921875 0.06875
0 0.70859375 0.5265625 0.05234375 0.07578125
0 0.69296875 0.81640625 0.08046875 0.08828125
0 0.83515625 0.81015625 0.06640625 0.071875
0 0.85 0.59765625 0.06640625 0.09453125
0 0.8984375 0.8890625 0.04375 0.0796875
0 0.90859375 0.65625 0.03046875 0.05234375
0 0.95546875 0.69296875 0.025 0.06015625
0 0.7453125 0.1203125 0.0546875 0.06875
0 0.896875 0.23125 0.046875 0.078125
0 0.809375 0.26796875 0.0484375 0.0859375
0 0.76484375 0.40703125 0.03046875 0.0734375
0 0.86015625 0.4171875 0.07421875 0.1125
0 0.79921875 0.41796875 0.04921875 0.1046875
0 0.9015625 0.3390625 0.03984375 0.08046875
0 0.96875 0.34375 0.03203125 0.06640625
0 0.98984375 0.63671875 0.0203125 0.09609375
0 0.3046875 0.54609375 0.03046875 0.05625