0 0.5140625 0.0984375 0.11640625 0.196875
0 0.78515625 0.11640625 0.12265625 0.23203125
0 0.86171875 0.528125 0.1734375 0.28125
0 0.6671875 0.5984375 0.146875 0.33984375
0 0.48984375 0.63515625 0.115625 0.2375
0 0.3515625 0.80703125 0.1296875 0.23203125
0 0.39375 0.33828125 0.1328125 0.23359375
0 0.2484375 0.17890625 0.10546875 0.17734375
0 0.34296875 0.09765625 0.04765625 0.09453125
0 0.11328125 0.378125 0.13671875 0.2859375
0 0.21953125 0.4390625 0.065625 0.18671875
0 0.2921875 0.3609375 0.059375 0.121875
0 0.3125 0.46015625 0.0328125 0.084375
0 0.21796875 0.3015625 0.05390625 0.11484375
0 0.14765625 0.87421875 0.08671875 0.1640625
0 0.03203125 0.6328125 0.0265625 0.13125
0 0.11015625 0.1796875 0.075 0.0921875
0 0.01484375 0.22578125 0.02890625 0.11640625