0 0.6078125 0.55078125 0.2296875 0.1484375
0 0.56484375 0.67734375 0.096875 0.17734375
0 0.43046875 0.721875 0.12578125 0.27578125
0 0.4046875 0.49453125 0.0625 0.1421875
0 0.28359375 0.69765625 0.08828125 0.18515625
0 0.29609375 0.4328125 0.103125 0.1671875
0 0.1265625 0.59140625 0.1171875 0.15390625
0 0.0890625 0.46328125 0.078125 0.10625
0 0.03515625 0.5921875 0.0640625 0.1328125
0 0.72421875 0.81171875 0.040625 0.14921875
0 0.78046875 0.78203125 0.08828125 0.15546875
0 0.87421875 0.740625 0.05234375 0.0984375
0 0.9765625 0.771875 0.04609375 0.08671875
0 0.4859375 0.94609375 0.1 0.1078125