0 0.88046875 0.70234375 0.06328125 0.09765625
0 0.9140625 0.5171875 0.04140625 0.0671875
0 0.98828125 0.52734375 0.02265625 0.07890625
0 0.9828125 0.78046875 0.034375 0.09765625
0 0.75390625 0.41640625 0.05703125 0.08046875
0 0.78515625 0.4921875 0.0453125 0.06171875
0 0.8546875 0.4515625 0.0359375 0.06875
0 0.925 0.36875 0.0625 0.05390625
0 0.66640625 0.365625 0.0421875 0.07109375
0 0.67578125 0.50390625 0.0453125 0.07265625
0 0.6015625 0.546875 0.0515625 0.0765625
0 0.5984375 0.65390625 0.0421875 0.07578125
0 0.39296875 0.528125 0.0578125 0.10859375
0 0.39765625 0.6640625 0.05234375 0.11484375
0 0.32421875 0.503125 0.05 0.0703125
0 0.509375 0.41015625 0.05703125 0.0859375
0 0.58828125 0.446875 0.040625 0.06796875
0 0.49140625 0.21875 0.04140625 0.078125
0 0.4234375 0.19453125 0.046875 0.06796875
0 0.43203125 0.29140625 0.0640625 0.08671875
0 0.384375 0.25859375 0.040625 0.0578125
0 0.3296875 0.2671875 0.05859375 0.0921875
0 0.71953125 0.30703125 0.06171875 0.08359375
0 0.58125 0.275 0.04609375 0.04609375
0 0.6 0.3328125 0.059375 0.0734375
0 0.66484375 0.30546875 0.0375 0.06484375
0 0.265625 0.1625 0.03359375 0.06953125
0 0.24140625 0.15546875 0.02421875 0.06484375
0 0.16171875 0.2109375 0.0359375 0.07578125
0 0.2109375 0.21015625 0.04921875 0.0609375
0 0.19609375 0.2609375 0.05546875 0.078125
0 0.165625 0.4109375 0.05546875 0.07421875
0 0.23203125 0.56484375 0.0515625 0.090625
0 0.1296875 0.63125 0.08359375 0.0796875
0 0.06796875 0.60078125 0.05703125 0.090625
0 0.31015625 0.7046875 0.0359375 0.0609375
0 0.2796875 0.696875 0.04765625 0.059375
0 0.3421875 0.68671875 0.03359375 0.0765625
0 0.20078125 0.6890625 0.0328125 0.05859375
0 0.1453125 0.746875 0.03359375 0.0578125
0 0.1953125 0.74765625 0.06640625 0.0703125
0 0.17421875 0.0796875 0.03125 0.06484375
0 0.13515625 0.05625 0.0296875 0.0578125
0 0.115625 0.11015625 0.046875 0.06171875
0 0.09609375 0.17734375 0.0265625 0.06171875
0 0.06875 0.10078125 0.0296875 0.05390625
0 0.075 0.15234375 0.03984375 0.06796875
0 0.03515625 0.0671875 0.03671875 0.06484375
0 0.0375 0.1234375 0.0546875 0.090625
0 0.01171875 0.10390625 0.02265625 0.09765625
0 0.0421875 0.2171875 0.03359375 0.07890625
0 0.01875 0.20703125 0.03671875 0.09765625
0 0.971875 0.84765625 0.05625 0.0734375