0 0.39453125 0.46328125 0.08984375 0.08515625
0 0.6328125 0.5453125 0.08984375 0.053125
0 0.92109375 0.51171875 0.09921875 0.07734375
0 0.2265625 0.4984375 0.090625 0.07421875
0 0.22421875 0.45546875 0.06875 0.04453125
0 0.23359375 0.3640625 0.1125 0.09140625
0 0.321875 0.3609375 0.071875 0.0484375
0 0.1375 0.30234375 0.06796875 0.0703125
0 0.065625 0.2703125 0.0359375 0.03828125
0 0.0234375 0.45546875 0.046875 0.0515625
0 0.06328125 0.3203125 0.05078125 0.0453125
0 0.115625 0.38984375 0.04140625 0.03828125
0 0.05703125 0.378125 0.03828125 0.021875
0 0.35859375 0.271875 0.05078125 0.03359375
0 0.41328125 0.2796875 0.040625 0.01875
0 0.5125 0.315625 0.07265625 0.046875
0 0.5734375 0.29921875 0.07421875 0.05859375
0 0.55234375 0.37109375 0.0921875 0.05703125
0 0.4734375 0.52578125 0.1 0.04921875
0 0.3390625 0.51328125 0.06171875 0.04765625
0 0.51015625 0.46015625 0.046875 0.04765625
0 0.5859375 0.478125 0.12265625 0.09453125
0 0.68515625 0.471875 0.03828125 0.04765625
0 0.68125 0.4203125 0.04375 0.04609375
0 0.7140625 0.43984375 0.0359375 0.0328125
0 0.66171875 0.36640625 0.0875 0.06171875
0 0.740625 0.3546875 0.04765625 0.04765625
0 0.69921875 0.32109375 0.06953125 0.05234375
0 0.72109375 0.28984375 0.04921875 0.03515625
0 0.85859375 0.43046875 0.06015625 0.04140625
0 0.8375 0.47578125 0.1359375 0.05625
0 0.79453125 0.43515625 0.0671875 0.0296875
0 0.88359375 0.3578125 0.0765625 0.04375
0 0.96875 0.38359375 0.0625 0.06015625
0 0.934375 0.37109375 0.04765625 0.046875
0 0.953125 0.42734375 0.053125 0.04453125
0 0.15625 0.515625 0.059375 0.078125
0 0.2703125 0.30703125 0.03984375 0.0453125
0 0.990625 0.63984375 0.01796875 0.034375