0 0.325 0.30078125 0.1375 0.1921875
0 0.42578125 0.184375 0.0640625 0.109375
0 0.4921875 0.33125 0.08203125 0.13671875
0 0.65390625 0.24296875 0.11171875 0.15078125
0 0.6703125 0.39140625 0.0484375 0.109375
0 0.78203125 0.4375 0.121875 0.15859375
0 0.8875 0.50703125 0.0875 0.14921875
0 0.7375 0.85390625 0.2390625 0.1484375
0 0.58515625 0.5703125 0.153125 0.1546875
0 0.375 0.62734375 0.08515625 0.14375
0 0.41953125 0.74765625 0.153125 0.1203125
0 0.403125 0.928125 0.225 0.14375
0 0.1359375 0.725 0.09609375 0.14296875
0 0.12890625 0.47265625 0.06328125 0.1421875
0 0.134375 0.2671875 0.15625 0.19375
0 0.009375 0.0359375 0.01875 0.07109375
0 0.0625 0.6359375 0.07578125 0.10546875
0 0.9671875 0.9703125 0.06484375 0.059375