0 0.753125 0.21484375 0.10859375 0.128125
0 0.603125 0.203125 0.059375 0.0734375
0 0.63515625 0.29375 0.0890625 0.1921875
0 0.4015625 0.35625 0.05703125 0.0671875
0 0.3796875 0.30546875 0.06484375 0.1015625
0 0.31875 0.36953125 0.0625 0.05703125
0 0.44453125 0.28203125 0.03671875 0.06484375
0 0.4609375 0.23671875 0.03515625 0.0515625
0 0.53203125 0.18046875 0.0453125 0.04375
0 0.9125 0.09140625 0.05 0.0796875
0 0.9859375 0.10390625 0.028125 0.05859375
0 0.928125 0.23828125 0.08984375 0.11875
0 0.30859375 0.2953125 0.02421875 0.059375
0 0.265625 0.35390625 0.0375 0.0625
0 0.178125 0.31953125 0.06796875 0.0609375
0 0.1375 0.38515625 0.03671875 0.08359375
0 0.18828125 0.45625 0.05 0.075
0 0.13359375 0.528125 0.075 0.08203125
0 0.09375 0.40703125 0.0546875 0.06484375
0 0.04296875 0.375 0.08515625 0.075
0 0.028125 0.52734375 0.05546875 0.09609375
0 0.07421875 0.53671875 0.03515625 0.078125
0 0.08515625 0.6984375 0.03046875 0.0625
0 0.11796875 0.678125 0.03671875 0.06953125
0 0.2140625 0.5921875 0.08984375 0.0703125
0 0.27265625 0.753125 0.05625 0.078125
0 0.1421875 0.69375 0.0453125 0.059375
0 0.03125 0.78203125 0.0484375 0.07890625
0 0.09453125 0.7578125 0.07421875 0.05625
0 0.16484375 0.77578125 0.02578125 0.0453125
0 0.13984375 0.79296875 0.03984375 0.06484375
0 0.11015625 0.86796875 0.0234375 0.03984375
0 0.134375 0.8609375 0.01953125 0.02265625
0 0.21328125 0.8046875 0.028125 0.04140625
0 0.39921875 0.6375 0.0875 0.09375
0 0.57734375 0.4625 0.07265625 0.0734375
0 0.34765625 0.4953125 0.0390625 0.06484375
0 0.41015625 0.44296875 0.03984375 0.05859375
0 0.46796875 0.4203125 0.0609375 0.06875
0 0.45859375 0.66328125 0.03515625 0.07265625
0 0.37421875 0.7921875 0.0703125 0.0859375
0 0.52265625 0.69296875 0.04921875 0.08359375
0 0.5703125 0.6734375 0.04921875 0.103125
0 0.61015625 0.58984375 0.0296875 0.0671875
0 0.5640625 0.57890625 0.03515625 0.065625
0 0.3984375 0.54296875 0.02265625 0.05546875
0 0.421875 0.52734375 0.028125 0.065625
0 0.6859375 0.56953125 0.07578125 0.071875
0 0.7390625 0.3171875 0.02421875 0.046875
0 0.68828125 0.3265625 0.02578125 0.040625
0 0.65078125 0.4671875 0.02890625 0.0578125
0 0.70703125 0.4296875 0.06875 0.115625
0 0.91953125 0.359375 0.05859375 0.096875
0 0.875 0.54296875 0.025 0.04765625
0 0.89765625 0.51484375 0.02734375 0.05546875
0 0.946875 0.565625 0.015625 0.03359375
0 0.80078125 0.2953125 0.0265625 0.0421875
0 0.8734375 0.27578125 0.01875 0.05234375
0 0.83984375 0.2890625 0.025 0.04921875
0 0.64609375 0.7046875 0.03203125 0.053125
0 0.66796875 0.6359375 0.04453125 0.06171875
0 0.61953125 0.65390625 0.034375 0.053125
0 0.27265625 0.4265625 0.0625 0.0796875
0 0.0046875 0.7125 0.009375 0.05
0 0.009375 0.65625 0.01796875 0.0375
0 0.75703125 0.628125 0.06640625 0.08046875
0 0.784375 0.42421875 0.0203125 0.040625
0 0.7703125 0.4875 0.0203125 0.0484375
0 0.7 0.50625 0.0234375 0.03359375
0 0.3140625 0.78125 0.0234375 0.0609375
0 0.23515625 0.859375 0.02890625 0.053125
0 0.221875 0.703125 0.03203125 0.04453125
0 0.26171875 0.67890625 0.05703125 0.06484375
0 0.1953125 0.6625 0.03515625 0.05859375
0 0.21484375 0.64453125 0.02734375 0.0640625
0 0.05625 0.68359375 0.0171875 0.040625
0 0.071875 0.61953125 0.0265625 0.0390625
0 0.06015625 0.5859375 0.02265625 0.03984375
0 0.31015625 0.58046875 0.0265625 0.05859375
0 0.515625 0.27265625 0.02734375 0.05078125
0 0.53203125 0.35625 0.01875 0.0515625
0 0.55234375 0.29375 0.01953125 0.04375
0 0.56171875 0.26640625 0.015625 0.04296875
0 0.2984375 0.84921875 0.040625 0.0375
0 0.775 0.09609375 0.04296875 0.0609375
0 0.83984375 0.1078125 0.04453125 0.1328125
0 0.88828125 0.5828125 0.04375 0.07265625
0 0.98203125 0.36171875 0.02109375 0.0484375
0 0.678125 0.121875 0.03828125 0.05625