0 0.540625 0.1734375 0.17578125 0.20078125
0 0.45390625 0.7375 0.134375 0.284375
0 0.16640625 0.428125 0.13515625 0.1859375
0 0.05390625 0.19609375 0.1078125 0.39140625
0 0.7 0.7390625 0.1234375 0.2640625
0 0.8828125 0.840625 0.1140625 0.29921875
0 0.95 0.21796875 0.0875 0.1625
0 0.8640625 0.21328125 0.096875 0.2109375
0 0.99453125 0.3765625 0.01015625 0.134375
0 0.171875 0.7234375 0.0953125 0.1921875
0 0.05234375 0.6171875 0.06640625 0.1828125
0 0.73671875 0.0765625 0.04296875 0.153125
0 0.6265625 0.05234375 0.10546875 0.1046875
0 0.709375 0.46640625 0.03984375 0.1265625
0 0.7515625 0.5625 0.04375 0.1046875