0 0.3734375 0.5890625 0.2234375 0.14453125
0 0.415625 0.7125 0.09453125 0.1734375
0 0.5453125 0.75625 0.12265625 0.26953125
0 0.57109375 0.534375 0.0609375 0.1390625
0 0.6890625 0.7328125 0.0859375 0.18125
0 0.6765625 0.4734375 0.10078125 0.16328125
0 0.84140625 0.62890625 0.1140625 0.15078125
0 0.878125 0.503125 0.07578125 0.10390625
0 0.93046875 0.6296875 0.0625 0.1296875
0 0.26015625 0.84375 0.03984375 0.14609375
0 0.20546875 0.81484375 0.0859375 0.15234375
0 0.1140625 0.775 0.05078125 0.096875
0 0.01875 0.80546875 0.03671875 0.084375
0 0.49140625 0.96171875 0.09765625 0.0765625