1 0.48828125 0.98125 0.01015625 0.0109375
1 0.53359375 0.92265625 0.00859375 0.0140625
1 0.5015625 0.91484375 0.00859375 0.009375
1 0.48671875 0.9109375 0.00859375 0.0109375
1 0.475 0.9015625 0.01015625 0.01015625
1 0.49609375 0.86328125 0.0140625 0.01015625
1 0.5390625 0.871875 0.00546875 0.0109375
1 0.47265625 0.82265625 0.0078125 0.0125
1 0.51328125 0.81328125 0.00859375 0.01328125
1 0.51875 0.821875 0.00859375 0.0078125
1 0.53359375 0.790625 0.00859375 0.009375
1 0.54140625 0.79609375 0.00703125 0.02109375
1 0.47421875 0.78046875 0.01015625 0.015625
1 0.49296875 0.75546875 0.0109375 0.01171875
1 0.52421875 0.7546875 0.00625 0.0078125
1 0.53359375 0.73125 0.01328125 0.01171875
1 0.525 0.71015625 0.01953125 0.01796875
1 0.5421875 0.72421875 0.0078125 0.01171875
1 0.48828125 0.69609375 0.01171875 0.0109375
1 0.47421875 0.6984375 0.0109375 0.01171875
1 0.47421875 0.73203125 0.00625 0.0125
1 0.4953125 0.671875 0.015625 0.02109375
1 0.53984375 0.66953125 0.00859375 0.01015625
1 0.53125 0.6796875 0.0109375 0.009375
1 0.5484375 0.68046875 0.00546875 0.01171875
1 0.4859375 0.6375 0.009375 0.009375
1 0.52734375 0.6421875 0.0140625 0.01015625
1 0.54453125 0.64453125 0.00859375 0.0109375
1 0.49140625 0.6046875 0.01328125 0.01640625
1 0.503125 0.72265625 0.0078125 0.00859375
1 0.503125 0.60546875 0.01171875 0.0109375
1 0.50078125 0.61953125 0.01171875 0.01015625
1 0.521875 0.615625 0.01484375 0.0140625
1 0.5296875 0.5828125 0.025 0.028125
1 0.4828125 0.58203125 0.00859375 0.01796875
1 0.50234375 0.54765625 0.01015625 0.02109375
1 0.515625 0.534375 0.015625 0.0171875
1 0.52265625 0.52734375 0.01015625 0.01015625
1 0.515625 0.5 0.01484375 0.01484375
1 0.53046875 0.4953125 0.01171875 0.015625
1 0.51640625 0.4734375 0.01015625 0.009375
1 0.5015625 0.46328125 0.01171875 0.0109375
1 0.4890625 0.453125 0.01328125 0.009375
1 0.51171875 0.415625 0.015625 0.02265625
1 0.5203125 0.43359375 0.01953125 0.01171875
1 0.4921875 0.42421875 0.01015625 0.009375
1 0.49375 0.40625 0.0109375 0.01796875
1 0.5171875 0.384375 0.0109375 0.01953125
1 0.49296875 0.38671875 0.009375 0.01796875
1 0.49765625 0.36484375 0.0140625 0.0234375
1 0.5125 0.2890625 0.0171875 0.04375
1 0.525 0.24765625 0.0078125 0.0140625
1 0.521875 0.221875 0.01328125 0.02734375
1 0.52578125 0.20234375 0.01171875 0.02265625
1 0.515625 0.459375 0.0109375 0.015625
1 0.50234375 0.44375 0.0109375 0.0203125
1 0.5265625 0.47265625 0.0125 0.0171875