1 0.43203125 0.5359375 0.02421875 0.06015625
1 0.4203125 0.5609375 0.01328125 0.02265625
1 0.45078125 0.5125 0.009375 0.02109375
1 0.4484375 0.45390625 0.01953125 0.03359375
1 0.4625 0.43359375 0.01640625 0.02734375
1 0.42421875 0.3640625 0.01796875 0.06640625
1 0.4421875 0.32265625 0.01171875 0.02890625
1 0.4546875 0.31328125 0.01171875 0.0203125
1 0.48125 0.57265625 0.01796875 0.025
1 0.4796875 0.48046875 0.0203125 0.0578125
1 0.47265625 0.34375 0.0140625 0.03515625
1 0.45703125 0.26953125 0.01484375 0.025
1 0.46484375 0.25703125 0.01484375 0.02109375
1 0.4390625 0.1125 0.015625 0.02421875
1 0.43046875 0.1234375 0.0125 0.03203125
1 0.4328125 0.02421875 0.0109375 0.04375
1 0.43828125 0.0625 0.01875 0.02421875
1 0.48671875 0.396875 0.01484375 0.03203125
1 0.48984375 0.6234375 0.02109375 0.065625
1 0.47265625 0.68984375 0.0171875 0.025
1 0.459375 0.70234375 0.01796875 0.028125
1 0.4453125 0.74375 0.01953125 0.0265625
1 0.5046875 0.7125 0.01875 0.02265625
1 0.4671875 0.80234375 0.021875 0.03203125
1 0.4953125 0.7875 0.01875 0.0265625
1 0.509375 0.77734375 0.01640625 0.028125
1 0.49765625 0.83203125 0.015625 0.028125
1 0.47734375 0.86015625 0.02578125 0.0390625
1 0.50234375 0.91484375 0.03046875 0.05390625
1 0.52109375 0.87734375 0.01171875 0.02578125
1 0.515625 0.9515625 0.02109375 0.03828125
0 0.5078125 0.9921875 0.0171875 0.015625
0 0.47265625 0.97578125 0.01484375 0.0203125
0 0.4875 0.95390625 0.01484375 0.02109375
0 0.4578125 0.5890625 0.02578125 0.02890625
0 0.43359375 0.321875 0.0109375 0.01640625
0 0.43203125 0.2828125 0.0125 0.015625
0 0.440625 0.16328125 0.009375 0.0203125
0 0.45 0.19765625 0.015625 0.0171875
0 0.490625 0.528125 0.01328125 0.0328125
0 0.45078125 0.7859375 0.01796875 0.0234375
0 0.47890625 0.74609375 0.01171875 0.01640625
0 0.50625 0.7359375 0.0125 0.0140625
0 0.4453125 0.39140625 0.0171875 0.02578125
0 0.45390625 0.2421875 0.01640625 0.01640625
0 0.42734375 0.15859375 0.01484375 0.0171875
1 0.4359375 0.00234375 0.0125 0.00390625
1 0.45 0.05078125 0.0109375 0.04609375
1 0.44296875 0.084375 0.01171875 0.01484375
1 0.46796875 0.2984375 0.0140625 0.0296875