1 0.51171875 0.56171875 0.025 0.04296875
1 0.53671875 0.61953125 0.01796875 0.02734375
1 0.54296875 0.6421875 0.0109375 0.01796875
1 0.5390625 0.675 0.0125 0.03671875
1 0.53984375 0.715625 0.0140625 0.02421875
1 0.5125 0.7453125 0.02734375 0.05859375
1 0.46953125 0.8859375 0.03046875 0.07421875
1 0.528125 0.9234375 0.0140625 0.02578125
1 0.44140625 0.99375 0.0109375 0.0125
1 0.4765625 0.80234375 0.02109375 0.03125
1 0.46171875 0.78671875 0.02109375 0.021875
1 0.45703125 0.7515625 0.0171875 0.02890625
1 0.4703125 0.61015625 0.01328125 0.04453125
1 0.48828125 0.55546875 0.0171875 0.021875
1 0.4765625 0.5390625 0.0234375 0.07109375
1 0.475 0.49296875 0.0125 0.0171875