1 0.48984375 0.14453125 0.021875 0.0984375
1 0.490625 0.228125 0.0234375 0.0890625
1 0.4265625 0.17578125 0.05 0.146875
1 0.48671875 0.321875 0.02578125 0.09609375
1 0.4375 0.3359375 0.040625 0.06328125
1 0.40625 0.375 0.0265625 0.04375
1 0.48828125 0.41015625 0.03046875 0.0953125
1 0.48671875 0.50078125 0.03515625 0.0609375
1 0.43984375 0.5375 0.0453125 0.06484375
1 0.4171875 0.60859375 0.04921875 0.0734375
1 0.41015625 0.73984375 0.04765625 0.0671875
1 0.39453125 0.834375 0.0484375 0.1203125
1 0.46796875 0.78125 0.0265625 0.053125
1 0.4375 0.8640625 0.0390625 0.09140625
1 0.43984375 0.94296875 0.01796875 0.0296875
1 0.3703125 0.96328125 0.034375 0.0734375