1 0.50859375 0.21640625 0.0203125 0.08984375
1 0.509375 0.29296875 0.02109375 0.08125
1 0.45078125 0.2453125 0.0453125 0.13359375
1 0.50625 0.37734375 0.0234375 0.0875
1 0.46171875 0.390625 0.03671875 0.0578125
1 0.4328125 0.42578125 0.02421875 0.03984375
1 0.50703125 0.4578125 0.028125 0.08671875
1 0.50625 0.540625 0.03203125 0.05546875
1 0.46328125 0.5734375 0.04140625 0.059375
1 0.44296875 0.63828125 0.04453125 0.0671875
1 0.43671875 0.7578125 0.04375 0.0609375
1 0.42265625 0.84453125 0.04375 0.109375
1 0.4890625 0.7953125 0.02421875 0.0484375
1 0.46171875 0.87109375 0.03515625 0.0828125
1 0.4640625 0.94296875 0.01640625 0.0265625
1 0.40078125 0.9640625 0.03125 0.07109375