1 0.5078125 0.03984375 0.01484375 0.02734375
1 0.5265625 0.06015625 0.0171875 0.0484375
1 0.5140625 0.09375 0.01953125 0.02421875
1 0.52734375 0.1625 0.025 0.07890625
1 0.52578125 0.21875 0.021875 0.0375
1 0.503125 0.22421875 0.021875 0.02421875
1 0.54375 0.2625 0.01953125 0.05234375
1 0.55 0.30703125 0.01953125 0.040625
1 0.52421875 0.28515625 0.02265625 0.04921875
1 0.50078125 0.29453125 0.02421875 0.04609375
1 0.48125 0.31328125 0.02421875 0.0484375
1 0.49921875 0.1546875 0.01875 0.05390625
1 0.50625 0.3453125 0.0265625 0.03671875
1 0.5234375 0.334375 0.01953125 0.02265625
1 0.546875 0.33515625 0.01640625 0.021875
1 0.54453125 0.3640625 0.01953125 0.02421875
1 0.521875 0.3890625 0.01953125 0.0296875
1 0.4921875 0.37421875 0.02578125 0.0234375
1 0.4671875 0.3890625 0.01484375 0.04140625
1 0.49765625 0.4125 0.01328125 0.01796875
1 0.525 0.41953125 0.01875 0.01796875
1 0.53515625 0.3890625 0.015625 0.0140625
1 0.5484375 0.40546875 0.02265625 0.01484375
1 0.55859375 0.42734375 0.01796875 0.0171875
1 0.49765625 0.39609375 0.01796875 0.015625
1 0.49609375 0.43359375 0.01953125 0.02109375
1 0.47265625 0.46796875 0.021875 0.0265625
1 0.50234375 0.4734375 0.02734375 0.02578125
1 0.45859375 0.47109375 0.015625 0.03515625
1 0.5234375 0.54765625 0.025 0.04765625
1 0.5 0.52421875 0.02734375 0.03125
1 0.4671875 0.59296875 0.03125 0.0484375
1 0.53515625 0.62734375 0.0234375 0.02734375
1 0.5171875 0.62578125 0.01796875 0.01953125
1 0.52109375 0.64453125 0.0203125 0.0171875
1 0.4828125 0.6421875 0.01875 0.0171875
1 0.471875 0.67578125 0.025 0.01796875
1 0.44296875 0.675 0.0203125 0.0328125
1 0.5234375 0.71796875 0.0265625 0.05546875
1 0.4703125 0.775 0.0296875 0.0296875
1 0.534375 0.45390625 0.01484375 0.01875
1 0.47890625 0.4296875 0.01171875 0.0328125
1 0.4515625 0.71484375 0.021875 0.01640625
1 0.465625 0.73125 0.01953125 0.01875
1 0.43671875 0.73046875 0.0125 0.021875
1 0.43671875 0.79296875 0.01640625 0.01640625
1 0.4546875 0.803125 0.025 0.01796875
1 0.54140625 0.67578125 0.01484375 0.0171875
1 0.528125 0.759375 0.02109375 0.0171875
1 0.55234375 0.76328125 0.01171875 0.01484375
1 0.5484375 0.93359375 0.01640625 0.01875
1 0.5109375 0.9875 0.0203125 0.01953125
1 0.5203125 0.84296875 0.01875 0.0296875
1 0.43046875 0.89140625 0.025 0.0421875
1 0.4859375 0.915625 0.01640625 0.021875
1 0.47890625 0.92890625 0.009375 0.01640625
1 0.45 0.884375 0.0203125 0.0171875
1 0.43203125 0.98984375 0.0140625 0.0203125