1 0.51953125 0.5328125 0.02421875 0.078125
1 0.49453125 0.5578125 0.03515625 0.06953125
1 0.48046875 0.4921875 0.0296875 0.03203125
1 0.46484375 0.43203125 0.02734375 0.04609375
1 0.48359375 0.35078125 0.04375 0.06875
1 0.465625 0.384375 0.03515625 0.05390625
1 0.45859375 0.159375 0.03203125 0.0578125
1 0.51640625 0.06328125 0.0359375 0.07265625
1 0.5171875 0.01640625 0.040625 0.03203125
1 0.4578125 0.01953125 0.028125 0.0390625
1 0.48203125 0.0484375 0.03515625 0.053125
1 0.52578125 0.28828125 0.0375 0.09765625
1 0.4609375 0.3046875 0.02109375 0.0515625
1 0.45390625 0.2375 0.01875 0.040625
1 0.48671875 0.640625 0.028125 0.06953125
1 0.46953125 0.65703125 0.0265625 0.040625
1 0.51015625 0.71953125 0.04375 0.071875
0 0.528125 0.18046875 0.0234375 0.03125
0 0.459375 0.109375 0.02109375 0.0234375
0 0.47109375 0.24140625 0.0203125 0.0203125