1 0.4796875 0.49296875 0.03828125 0.06875
1 0.4578125 0.55546875 0.02109375 0.034375
1 0.45078125 0.40703125 0.015625 0.021875
1 0.4640625 0.38125 0.02109375 0.0203125
1 0.4734375 0.596875 0.0203125 0.02109375
1 0.50703125 0.590625 0.0171875 0.05
1 0.50859375 0.6328125 0.01953125 0.01953125
1 0.49453125 0.6484375 0.0171875 0.02421875
1 0.4609375 0.66015625 0.0171875 0.0265625
1 0.43984375 0.53515625 0.01484375 0.02109375
1 0.43515625 0.5734375 0.01484375 0.025
1 0.4328125 0.60546875 0.00859375 0.01640625
1 0.43359375 0.63828125 0.01171875 0.01875
1 0.43984375 0.67109375 0.01328125 0.01640625
1 0.4484375 0.65546875 0.01328125 0.02578125
1 0.4828125 0.6296875 0.01328125 0.0234375
1 0.4609375 0.68125 0.0140625 0.0265625
1 0.459375 0.70625 0.0125 0.02109375
1 0.5046875 0.73671875 0.015625 0.07265625
1 0.4578125 0.81015625 0.01875 0.03828125
0 0.4671875 0.9890625 0.015625 0.021875
0 0.5265625 0.88515625 0.01015625 0.0171875
0 0.48359375 0.8609375 0.01171875 0.02109375
0 0.4640625 0.884375 0.01171875 0.01328125
0 0.465625 0.990625 0.01796875 0.01875
0 0.44140625 0.878125 0.009375 0.0125
0 0.4828125 0.68984375 0.0109375 0.01875
0 0.48359375 0.72421875 0.01328125 0.0328125
1 0.5109375 0.6765625 0.01484375 0.01953125
0 0.49609375 0.6015625 0.009375 0.01796875
0 0.48125 0.5828125 0.015625 0.015625
0 0.44296875 0.7140625 0.009375 0.01484375
0 0.475 0.76015625 0.0109375 0.01640625
1 0.47109375 0.69453125 0.0140625 0.0203125
0 0.4921875 0.4546875 0.0078125 0.02265625
0 0.48203125 0.33125 0.0078125 0.01796875