1 0.4875 0.83125 0.0296875 0.2046875
1 0.540625 0.86875 0.01875 0.03671875
1 0.5109375 0.7640625 0.01953125 0.0296875
1 0.55625 0.66015625 0.01328125 0.028125
1 0.53984375 0.58203125 0.0171875 0.09765625
1 0.51328125 0.5140625 0.0203125 0.03671875
1 0.5109375 0.58515625 0.02265625 0.02890625
1 0.48203125 0.628125 0.0125 0.15390625
1 0.559375 0.42109375 0.01015625 0.03359375
1 0.54453125 0.49453125 0.01484375 0.0234375
1 0.55625 0.94296875 0.01875 0.1140625
1 0.490625 0.9671875 0.021875 0.065625
1 0.53203125 0.23515625 0.0234375 0.06328125
1 0.53828125 0.309375 0.01640625 0.0578125
1 0.51875 0.12890625 0.015625 0.04375
1 0.50546875 0.14609375 0.01171875 0.02421875