1 0.51015625 0.4796875 0.0328125 0.06796875
1 0.56640625 0.571875 0.015625 0.06953125
1 0.55546875 0.68515625 0.02890625 0.1109375
1 0.590625 0.2234375 0.034375 0.0609375
1 0.5640625 0.57265625 0.0234375 0.078125
1 0.55 0.690625 0.03046875 0.0984375
1 0.53671875 0.76484375 0.0390625 0.06640625
1 0.5296875 0.86640625 0.04765625 0.1359375
1 0.50078125 0.7890625 0.03125 0.1078125
1 0.49921875 0.7125 0.0171875 0.03984375
1 0.49453125 0.96640625 0.046875 0.0671875
1 0.5859375 0.3421875 0.028125 0.01875
1 0.54609375 0.453125 0.02421875 0.03125