1 0.39921875 0.1671875 0.04375 0.19296875
1 0.43515625 0.02734375 0.028125 0.0546875
1 0.45 0.16015625 0.01796875 0.05859375
1 0.44453125 0.3328125 0.02890625 0.053125
1 0.40859375 0.31015625 0.02265625 0.0234375
1 0.4375 0.39453125 0.02734375 0.03671875
1 0.4578125 0.45 0.03125 0.0625
1 0.425 0.41796875 0.01875 0.015625
1 0.42109375 0.45234375 0.03359375 0.03046875
1 0.40078125 0.38515625 0.01796875 0.01796875
1 0.38671875 0.465625 0.0265625 0.0359375
1 0.4484375 0.61640625 0.0296875 0.05625
1 0.4421875 0.54921875 0.0234375 0.04140625
1 0.39765625 0.62265625 0.034375 0.0609375
1 0.40703125 0.72890625 0.02734375 0.05703125
1 0.41328125 0.825 0.028125 0.0375
1 0.409375 0.85546875 0.02890625 0.0359375
1 0.40546875 0.8984375 0.03203125 0.0421875
1 0.4515625 0.8953125 0.0234375 0.04453125