1 0.5046875 0.890625 0.03125 0.21875
1 0.5625 0.93203125 0.0203125 0.0390625
1 0.53046875 0.81953125 0.0203125 0.03125
1 0.5796875 0.7078125 0.0140625 0.0296875
1 0.56171875 0.625 0.01796875 0.1046875
1 0.53359375 0.5515625 0.021875 0.0390625
1 0.53046875 0.62734375 0.02421875 0.03125
1 0.5 0.6734375 0.01328125 0.16484375
1 0.5828125 0.4515625 0.0109375 0.0359375
1 0.5671875 0.53046875 0.01640625 0.025
1 0.58046875 0.975 0.0203125 0.05
1 0.55390625 0.25234375 0.025 0.06796875
1 0.5609375 0.33125 0.01796875 0.06171875
1 0.53984375 0.13828125 0.0171875 0.046875
1 0.525 0.15625 0.0125 0.02578125