1 0.47265625 0.95625 0.009375 0.01484375
1 0.50625 0.9484375 0.009375 0.009375
1 0.521875 0.94375 0.00859375 0.01171875
1 0.534375 0.93359375 0.0109375 0.0109375
1 0.5125 0.89296875 0.01484375 0.0109375
1 0.4671875 0.90234375 0.00546875 0.01171875
1 0.5375 0.85 0.00859375 0.01328125
1 0.49375 0.83984375 0.009375 0.0140625
1 0.48828125 0.84921875 0.009375 0.00859375
1 0.47265625 0.815625 0.009375 0.009375
1 0.46484375 0.821875 0.00703125 0.02265625
1 0.5359375 0.80546875 0.0109375 0.01640625
1 0.51640625 0.77890625 0.01171875 0.0125
1 0.4828125 0.778125 0.00703125 0.00859375
1 0.47265625 0.75390625 0.0140625 0.0125
1 0.48203125 0.73125 0.02109375 0.01953125
1 0.46328125 0.7453125 0.0078125 0.0125
1 0.5203125 0.715625 0.0125 0.01171875
1 0.5359375 0.71796875 0.01171875 0.0125
1 0.5359375 0.75390625 0.00625 0.01328125
1 0.51328125 0.68984375 0.0171875 0.02265625
1 0.46640625 0.6875 0.009375 0.0109375
1 0.475 0.6984375 0.01171875 0.01015625
1 0.45703125 0.69921875 0.00625 0.0125
1 0.5234375 0.65390625 0.01015625 0.01015625
1 0.4796875 0.65859375 0.01484375 0.0109375
1 0.46171875 0.66171875 0.009375 0.01171875
1 0.5171875 0.61875 0.0140625 0.01796875
1 0.5046875 0.74375 0.0078125 0.00859375
1 0.5046875 0.61953125 0.0125 0.01171875
1 0.5078125 0.634375 0.0125 0.0109375
1 0.484375 0.63046875 0.015625 0.01484375
1 0.47734375 0.59609375 0.0265625 0.03046875
1 0.5265625 0.5953125 0.009375 0.01953125
1 0.50546875 0.5578125 0.0109375 0.021875
1 0.4921875 0.54453125 0.01640625 0.01796875
1 0.484375 0.53671875 0.01015625 0.01015625
1 0.49140625 0.5078125 0.015625 0.015625
1 0.47578125 0.50234375 0.0125 0.01640625
1 0.490625 0.4796875 0.01015625 0.01015625
1 0.50625 0.46875 0.0125 0.01171875
1 0.51953125 0.45859375 0.0140625 0.009375
1 0.49609375 0.41875 0.0171875 0.02421875
1 0.48671875 0.4375 0.02109375 0.0125
1 0.5171875 0.42734375 0.01015625 0.01015625
1 0.515625 0.4078125 0.01171875 0.01875
1 0.490625 0.38515625 0.0109375 0.02109375
1 0.51640625 0.3875 0.01015625 0.01875
1 0.5109375 0.3640625 0.01484375 0.025
1 0.4953125 0.284375 0.01796875 0.04609375
1 0.48203125 0.23984375 0.00859375 0.01484375
1 0.48515625 0.2125 0.0140625 0.02890625
1 0.48046875 0.1921875 0.0125 0.02421875
1 0.49140625 0.46484375 0.01171875 0.01640625
1 0.50546875 0.4484375 0.01171875 0.021875
1 0.4796875 0.47890625 0.01328125 0.01796875