1 0.5140625 0.56171875 0.03984375 0.0703125
1 0.4921875 0.62578125 0.021875 0.03515625
1 0.48515625 0.47265625 0.015625 0.02265625
1 0.4984375 0.446875 0.021875 0.02109375
1 0.50859375 0.66875 0.02109375 0.021875
1 0.54296875 0.6625 0.01796875 0.0515625
1 0.54375 0.70625 0.0203125 0.0203125
1 0.5296875 0.72109375 0.01796875 0.025
1 0.4953125 0.73359375 0.01796875 0.02734375
1 0.4734375 0.6046875 0.01484375 0.021875
1 0.46875 0.64453125 0.015625 0.02578125
1 0.46640625 0.678125 0.00859375 0.0171875
1 0.4671875 0.7109375 0.01171875 0.01953125
1 0.4734375 0.74453125 0.01328125 0.0171875
1 0.48203125 0.72890625 0.01328125 0.0265625
1 0.51796875 0.70234375 0.0140625 0.02421875
1 0.4953125 0.75546875 0.01484375 0.02734375
1 0.49375 0.78125 0.01328125 0.021875
1 0.53984375 0.8125 0.015625 0.075
1 0.4921875 0.88828125 0.01953125 0.03984375
0 0.56328125 0.965625 0.01015625 0.01796875
0 0.51796875 0.940625 0.01171875 0.021875
0 0.4984375 0.96484375 0.01171875 0.01328125
0 0.475 0.9578125 0.009375 0.0125
0 0.5171875 0.7640625 0.0109375 0.01875
0 0.51796875 0.8 0.0140625 0.03359375
1 0.546875 0.75078125 0.015625 0.0203125
0 0.53125 0.6734375 0.009375 0.01875
0 0.51640625 0.6546875 0.01640625 0.01640625
0 0.47734375 0.7890625 0.009375 0.015625
0 0.51015625 0.83671875 0.0109375 0.01640625
1 0.50546875 0.76875 0.0140625 0.02109375
0 0.52734375 0.521875 0.0078125 0.0234375
0 0.5171875 0.3953125 0.0078125 0.01875