1 0.53125 0.0546875 0.02265625 0.04453125
1 0.54375 0.0296875 0.01484375 0.01796875
1 0.459375 0.1375 0.0265625 0.0359375
1 0.45546875 0.1734375 0.02578125 0.02890625
1 0.55078125 0.10234375 0.0171875 0.0203125
1 0.54375 0.1453125 0.02109375 0.02734375
1 0.5265625 0.19453125 0.0234375 0.05
1 0.54453125 0.2046875 0.01875 0.0265625
1 0.5 0.2828125 0.03125 0.0953125
1 0.48359375 0.3890625 0.04140625 0.15390625
1 0.5671875 0.39765625 0.02734375 0.1859375
1 0.54453125 0.509375 0.0171875 0.03359375
1 0.48203125 0.51640625 0.02265625 0.071875
1 0.55 0.73515625 0.02265625 0.03984375
1 0.58203125 0.6765625 0.01875 0.1046875
1 0.5078125 0.84375 0.02578125 0.03671875
1 0.5703125 0.85703125 0.02578125 0.05
1 0.54609375 0.95546875 0.0625 0.0890625