1 0.47109375 0.23828125 0.03046875 0.0453125
1 0.46875 0.29140625 0.01796875 0.01953125
1 0.471875 0.34609375 0.01328125 0.01640625
1 0.5328125 0.4375 0.05859375 0.13359375
1 0.509375 0.5109375 0.034375 0.11640625
1 0.55390625 0.5671875 0.02109375 0.02890625
1 0.52890625 0.6375 0.04375 0.1265625
1 0.52109375 0.7515625 0.01640625 0.015625
1 0.57109375 0.8359375 0.02109375 0.03125
1 0.5265625 0.87890625 0.01953125 0.08671875
1 0.55234375 0.91484375 0.0296875 0.0578125
1 0.58515625 0.9046875 0.01796875 0.05625
1 0.56328125 0.97421875 0.0296875 0.05078125
1 0.5375 0.9765625 0.0140625 0.0171875