1 0.42578125 0.08984375 0.0234375 0.04609375
1 0.41171875 0.0640625 0.015625 0.01875
1 0.49921875 0.175 0.02734375 0.03671875
1 0.503125 0.2125 0.0265625 0.0296875
1 0.4046875 0.1390625 0.0171875 0.02109375
1 0.4125 0.18359375 0.021875 0.028125
1 0.43046875 0.234375 0.02421875 0.0515625
1 0.4109375 0.24453125 0.01875 0.02734375
1 0.45703125 0.325 0.03203125 0.0984375
1 0.47421875 0.43515625 0.04296875 0.15859375
1 0.38828125 0.44375 0.028125 0.19140625
1 0.41171875 0.55859375 0.0171875 0.034375
1 0.47578125 0.565625 0.0234375 0.0734375
1 0.40546875 0.790625 0.0234375 0.040625
1 0.3734375 0.73046875 0.01953125 0.1078125
1 0.44921875 0.90234375 0.0265625 0.03828125
1 0.38515625 0.91640625 0.0265625 0.0515625
1 0.409375 0.9859375 0.0640625 0.028125