1 0.5765625 0.17421875 0.0453125 0.2015625
1 0.53828125 0.02890625 0.02890625 0.0578125
1 0.52265625 0.1671875 0.01875 0.0609375
1 0.52890625 0.346875 0.0296875 0.05546875
1 0.56640625 0.3234375 0.0234375 0.02421875
1 0.5359375 0.4109375 0.02890625 0.03828125
1 0.51484375 0.46953125 0.0328125 0.065625
1 0.54921875 0.4359375 0.01953125 0.01640625
1 0.553125 0.471875 0.03515625 0.03125
1 0.57421875 0.4015625 0.01875 0.01875
1 0.5890625 0.48515625 0.028125 0.03671875
1 0.525 0.6421875 0.03125 0.05859375
1 0.53125 0.57265625 0.02421875 0.04296875
1 0.578125 0.64921875 0.0359375 0.0640625
1 0.56796875 0.76015625 0.028125 0.059375
1 0.5609375 0.86015625 0.02890625 0.0390625
1 0.565625 0.89140625 0.03046875 0.0375
1 0.56953125 0.9359375 0.03359375 0.04375
1 0.521875 0.9328125 0.02421875 0.046875