1 0.5296875 0.21953125 0.05390625 0.06875
1 0.51953125 0.40078125 0.05390625 0.10078125
1 0.52734375 0.47421875 0.046875 0.03125
1 0.52421875 0.515625 0.03984375 0.04765625
1 0.48984375 0.51171875 0.01953125 0.03359375
1 0.47890625 0.47890625 0.0359375 0.0609375
1 0.5625 0.57734375 0.03125 0.084375
1 0.46875 0.58359375 0.03203125 0.04453125
1 0.4921875 0.65859375 0.0453125 0.05546875
1 0.528125 0.88203125 0.05234375 0.1359375
1 0.47265625 0.84296875 0.04921875 0.05234375
1 0.471875 0.80546875 0.0265625 0.0296875
1 0.45234375 0.7828125 0.01796875 0.06484375
1 0.44765625 0.97578125 0.01640625 0.0484375