1 0.4625 0.3265625 0.0375 0.0375
1 0.47265625 0.3734375 0.04765625 0.0734375
1 0.47734375 0.43359375 0.046875 0.0453125
1 0.4796875 0.49609375 0.03671875 0.05
1 0.446875 0.49453125 0.03359375 0.04453125
1 0.45390625 0.53203125 0.03984375 0.0484375
1 0.43515625 0.5953125 0.02578125 0.03203125
1 0.48828125 0.671875 0.034375 0.06015625
1 0.48984375 0.740625 0.03125 0.053125
1 0.4765625 0.77265625 0.0375 0.04921875
1 0.50703125 0.5140625 0.0234375 0.0453125
1 0.425 0.76796875 0.01953125 0.0421875
1 0.428125 0.81875 0.03046875 0.0265625
1 0.44375 0.84140625 0.02890625 0.0265625
1 0.49296875 0.86796875 0.03671875 0.05
1 0.5015625 0.91484375 0.0265625 0.04453125
1 0.45625 0.95078125 0.03125 0.0390625
1 0.421875 0.8828125 0.0265625 0.03828125
1 0.48984375 0.98203125 0.04375 0.0359375
1 0.44921875 0.98671875 0.03984375 0.0265625
1 0.49609375 0.16640625 0.02265625 0.13671875