1 0.48359375 0.246875 0.03125 0.046875
1 0.48125 0.30078125 0.01875 0.0203125
1 0.484375 0.35703125 0.0140625 0.01640625
1 0.54765625 0.45234375 0.0609375 0.1375
1 0.52265625 0.52734375 0.0359375 0.1203125
1 0.56875 0.5859375 0.021875 0.0296875
1 0.54375 0.659375 0.04453125 0.13046875
1 0.53515625 0.7765625 0.0171875 0.015625
1 0.58671875 0.8640625 0.021875 0.0328125
1 0.540625 0.90859375 0.0203125 0.0890625
1 0.5671875 0.9453125 0.03125 0.059375
1 0.6015625 0.934375 0.01875 0.0578125
1 0.5796875 0.98984375 0.03125 0.0203125