1 0.54453125 0.31015625 0.0375 0.03671875
1 0.534375 0.35703125 0.04765625 0.07265625
1 0.5296875 0.415625 0.046875 0.0453125
1 0.52734375 0.478125 0.03671875 0.05
1 0.559375 0.4765625 0.0328125 0.04453125
1 0.553125 0.5140625 0.03984375 0.04765625
1 0.57109375 0.57578125 0.025 0.03203125
1 0.51875 0.65234375 0.034375 0.06015625
1 0.5171875 0.7203125 0.03125 0.05234375
1 0.53046875 0.7515625 0.03671875 0.04921875
1 0.5 0.49609375 0.0234375 0.04453125
1 0.58125 0.746875 0.01953125 0.04140625
1 0.578125 0.796875 0.03046875 0.0265625
1 0.56328125 0.81953125 0.028125 0.0265625
1 0.5140625 0.8453125 0.03671875 0.04921875
1 0.50546875 0.8921875 0.02578125 0.04375
1 0.55 0.928125 0.03125 0.03828125
1 0.584375 0.86015625 0.02578125 0.03828125
1 0.5171875 0.9703125 0.04375 0.059375
1 0.55703125 0.975 0.0390625 0.05
1 0.51171875 0.1515625 0.021875 0.13515625