1 0.4890625 0.19453125 0.02109375 0.09453125
1 0.48828125 0.275 0.021875 0.0859375
1 0.55 0.225 0.04765625 0.140625
1 0.4921875 0.36484375 0.02421875 0.0921875
1 0.5390625 0.37890625 0.0390625 0.0609375
1 0.56953125 0.415625 0.02578125 0.0421875
1 0.490625 0.44921875 0.0296875 0.09140625
1 0.4921875 0.53671875 0.03359375 0.05859375
1 0.53671875 0.571875 0.04375 0.0625
1 0.55859375 0.63984375 0.046875 0.07109375
1 0.56484375 0.76640625 0.04609375 0.06484375
1 0.58046875 0.85703125 0.04609375 0.115625
1 0.51015625 0.80625 0.02578125 0.05078125
1 0.5390625 0.8859375 0.0375 0.0875
1 0.53671875 0.96171875 0.0171875 0.028125
1 0.60390625 0.97265625 0.0328125 0.0546875