1 0.4796875 0.7015625 0.01875 0.0234375
1 0.48359375 0.73125 0.01328125 0.01875
1 0.4453125 0.9515625 0.0171875 0.025
1 0.45859375 0.6796875 0.0140625 0.02578125
1 0.4796875 0.60234375 0.01875 0.0578125
1 0.5109375 0.53125 0.01875 0.03203125
1 0.46328125 0.57265625 0.01640625 0.03046875
1 0.50078125 0.57734375 0.028125 0.0234375
1 0.51640625 0.3796875 0.02109375 0.02421875
1 0.52578125 0.4140625 0.021875 0.07265625
1 0.50859375 0.41953125 0.01640625 0.02890625
1 0.4796875 0.43359375 0.01796875 0.04921875
1 0.503125 0.3375 0.025 0.0640625
1 0.51484375 0.28828125 0.01875 0.02578125
1 0.55390625 0.30546875 0.01484375 0.0171875
1 0.5328125 0.334375 0.01640625 0.02109375
1 0.546875 0.40859375 0.03359375 0.06875
1 0.56875 0.22890625 0.025 0.07109375
1 0.53828125 0.221875 0.01875 0.02421875
1 0.56328125 0.175 0.025 0.03671875
1 0.53203125 0.1421875 0.01484375 0.02421875
1 0.54453125 0.09765625 0.025 0.04375
1 0.603125 0.115625 0.0125 0.0203125
1 0.5484375 0.3421875 0.02109375 0.03828125
1 0.59375 0.00390625 0.01796875 0.0078125