1 0.49609375 0.515625 0.03671875 0.06484375
1 0.51640625 0.575 0.0203125 0.03203125
1 0.52265625 0.434375 0.0140625 0.02109375
1 0.5109375 0.41015625 0.0203125 0.01953125
1 0.5015625 0.6140625 0.01953125 0.01953125
1 0.46953125 0.6078125 0.01640625 0.046875
1 0.46875 0.6484375 0.01796875 0.01875
1 0.48125 0.6625 0.01640625 0.02265625
1 0.51328125 0.67421875 0.01640625 0.025
1 0.53359375 0.55546875 0.0140625 0.0203125
1 0.53828125 0.5921875 0.0140625 0.0234375
1 0.540625 0.62265625 0.0078125 0.015625
1 0.53984375 0.653125 0.0109375 0.01796875
1 0.53359375 0.684375 0.0125 0.015625
1 0.52578125 0.66953125 0.0125 0.02421875
1 0.49296875 0.6453125 0.0125 0.021875
1 0.51328125 0.69375 0.01328125 0.025
1 0.51484375 0.7171875 0.0125 0.0203125
1 0.471875 0.74609375 0.01484375 0.06875
1 0.51640625 0.81640625 0.01796875 0.03671875
0 0.50859375 0.9875 0.0140625 0.025
0 0.4515625 0.8875 0.009375 0.01640625
0 0.4921875 0.8640625 0.0109375 0.01953125
0 0.5109375 0.8859375 0.0109375 0.0125
0 0.51015625 0.98828125 0.0171875 0.0234375
0 0.53203125 0.88046875 0.00859375 0.01171875
0 0.49296875 0.70234375 0.01015625 0.0171875
0 0.4921875 0.73515625 0.0125 0.03125
1 0.46640625 0.68984375 0.0140625 0.01875
0 0.48046875 0.61796875 0.00859375 0.0171875
0 0.49453125 0.60078125 0.01484375 0.01484375
0 0.53046875 0.725 0.00859375 0.0140625
0 0.5 0.76796875 0.01015625 0.015625
1 0.50390625 0.70625 0.01328125 0.01953125
0 0.48359375 0.4796875 0.00703125 0.021875
0 0.49375 0.3625 0.00703125 0.0171875