1 0.48125 0.54765625 0.02578125 0.08203125
1 0.5078125 0.57421875 0.03671875 0.07265625
1 0.52265625 0.50625 0.03125 0.03359375
1 0.5390625 0.44296875 0.02890625 0.0484375
1 0.51953125 0.3578125 0.04609375 0.07265625
1 0.53828125 0.39296875 0.03671875 0.05703125
1 0.54609375 0.15625 0.03359375 0.0609375
1 0.48515625 0.05546875 0.0375 0.0765625
1 0.4828125 0.0109375 0.04375 0.021875
1 0.54609375 0.01484375 0.0296875 0.0296875
1 0.52109375 0.03984375 0.03671875 0.05625
1 0.475 0.29140625 0.0390625 0.10234375
1 0.54296875 0.30859375 0.02265625 0.05390625
1 0.55078125 0.23828125 0.01953125 0.0421875
1 0.515625 0.66171875 0.0296875 0.07265625
1 0.534375 0.67890625 0.028125 0.04296875
1 0.49140625 0.74453125 0.04609375 0.075
0 0.47265625 0.178125 0.02421875 0.0328125
0 0.54453125 0.10390625 0.021875 0.02421875
0 0.53203125 0.2421875 0.02109375 0.02109375