1 0.46328125 0.09375 0.0484375 0.07109375
1 0.4953125 0.18359375 0.03046875 0.03984375
1 0.48828125 0.23359375 0.04375 0.03359375
1 0.4296875 0.2515625 0.05 0.04140625
1 0.46953125 0.271875 0.02734375 0.0328125
1 0.42890625 0.165625 0.0375 0.03984375
1 0.5328125 0.84296875 0.046875 0.0859375
1 0.4890625 0.76796875 0.0421875 0.053125
1 0.44140625 0.78828125 0.0234375 0.0421875
1 0.45234375 0.859375 0.02734375 0.04140625
1 0.4703125 0.87890625 0.04140625 0.0484375
1 0.515625 0.9109375 0.028125 0.04375
1 0.5640625 0.95859375 0.04609375 0.08203125
1 0.42578125 0.48828125 0.046875 0.075
1 0.50546875 0.49765625 0.04375 0.05390625
1 0.50390625 0.459375 0.04140625 0.0265625
1 0.50546875 0.43359375 0.0359375 0.0328125
1 0.50390625 0.34609375 0.04765625 0.07265625
1 0.4 0.1375 0.03828125 0.05625
1 0.51328125 0.53984375 0.03671875 0.04921875
1 0.4703125 0.6921875 0.03828125 0.08125
1 0.546875 0.6609375 0.04296875 0.053125
1 0.43203125 0.7234375 0.01953125 0.04375
1 0.4484375 0.5890625 0.0625 0.06953125