1 0.5203125 0.775 0.0203125 0.02578125
1 0.51640625 0.8078125 0.0140625 0.0203125
1 0.54296875 0.75234375 0.01484375 0.02734375
1 0.5203125 0.66875 0.0203125 0.0625
1 0.48671875 0.59140625 0.0203125 0.034375
1 0.53828125 0.63671875 0.01796875 0.0328125
1 0.496875 0.64140625 0.03046875 0.025
1 0.48125 0.42890625 0.02265625 0.02578125
1 0.4703125 0.465625 0.0234375 0.078125
1 0.4890625 0.471875 0.0171875 0.03125
1 0.52109375 0.48671875 0.01953125 0.053125
1 0.4953125 0.3828125 0.0265625 0.06875
1 0.48203125 0.33046875 0.0203125 0.028125
1 0.440625 0.3484375 0.015625 0.01796875
1 0.4625 0.3796875 0.01796875 0.02265625
1 0.44765625 0.46015625 0.0359375 0.07421875
1 0.42421875 0.26640625 0.02734375 0.0765625
1 0.45703125 0.25859375 0.0203125 0.02578125
1 0.4296875 0.2078125 0.0265625 0.03984375
1 0.4640625 0.17265625 0.015625 0.0265625
1 0.45 0.12421875 0.02734375 0.046875
1 0.3875 0.14375 0.01328125 0.021875
1 0.44609375 0.38828125 0.02265625 0.04140625
1 0.39609375 0.01640625 0.01953125 0.02265625
1 0.4265625 0.01015625 0.015625 0.0203125